## Detector setup file for Ladder
########################################################################
##
##	#FP	Energy	Time	Pos
Size: 	240 	0 	1 	1
#
Multi-hit: 8
#
##	Scalers	Calib	Overlap	Micro	#trig	Toff	Tres
Misc:	1	1	0	0	0	0	0.0
##
Window: -10. 10. -50. -30. 
##
## N.B. No QDC information supplied
## No electron energy calibration supplied
##
## Section: 0, FPD Channels: 0 - 31  TDC Channels: 800 - 831
##
Element:   0 0.0 0.0 0.0 0.0    819M0 -250.0 250.0 -4050.0 0.1000 0 0 0  781.72 0.0 2871
Element:   1 0.0 0.0 0.0 0.0    802M0 -250.0 250.0 -4050.0 0.1000 0 0 0  778.41 0.0 2868
Element:   2 0.0 0.0 0.0 0.0    803M0 -250.0 250.0 -4050.0 0.1000 0 0 0  775.10 0.0 2870
Element:   3 0.0 0.0 0.0 0.0    818M0 -250.0 250.0 -4050.0 0.1000 0 0 0  771.80 0.0 2869
Element:   4 0.0 0.0 0.0 0.0    817M0 -250.0 250.0 -4050.0 0.1000 0 0 0  768.48 0.0 2867
Element:   5 0.0 0.0 0.0 0.0    800M0 -250.0 250.0 -4050.0 0.1000 0 0 0  765.17 0.0 2864
Element:   6 0.0 0.0 0.0 0.0    801M0 -250.0 250.0 -4050.0 0.1000 0 0 0  761.86 0.0 2866
Element:   7 0.0 0.0 0.0 0.0    816M0 -250.0 250.0 -4050.0 0.1000 0 0 0  758.54 0.0 2865
Element:   8 0.0 0.0 0.0 0.0    823M0 -250.0 250.0 -4050.0 0.1000 0 0 0  754.98 0.0 2879
Element:   9 0.0 0.0 0.0 0.0    806M0 -250.0 250.0 -4050.0 0.1000 0 0 0  751.73 0.0 2876
Element:  10 0.0 0.0 0.0 0.0    807M0 -250.0 250.0 -4050.0 0.1000 0 0 0  748.47 0.0 2878
Element:  11 0.0 0.0 0.0 0.0    822M0 -250.0 250.0 -4050.0 0.1000 0 0 0  745.21 0.0 2877
Element:  12 0.0 0.0 0.0 0.0    821M0 -250.0 250.0 -4050.0 0.1000 0 0 0  741.96 0.0 2875
Element:  13 0.0 0.0 0.0 0.0    804M0 -250.0 250.0 -4050.0 0.1000 0 0 0  738.70 0.0 2872
Element:  14 0.0 0.0 0.0 0.0    805M0 -250.0 250.0 -4050.0 0.1000 0 0 0  735.45 0.0 2874
Element:  15 0.0 0.0 0.0 0.0    820M0 -250.0 250.0 -4050.0 0.1000 0 0 0  732.19 0.0 2873
Element:  16 0.0 0.0 0.0 0.0    827M0 -250.0 250.0 -4050.0 0.1000 0 0 0  728.72 0.0 2887
Element:  17 0.0 0.0 0.0 0.0    810M0 -250.0 250.0 -4050.0 0.1000 0 0 0  725.53 0.0 2884
Element:  18 0.0 0.0 0.0 0.0    811M0 -250.0 250.0 -4050.0 0.1000 0 0 0  722.33 0.0 2886
Element:  19 0.0 0.0 0.0 0.0    826M0 -250.0 250.0 -4050.0 0.1000 0 0 0  719.14 0.0 2885
Element:  20 0.0 0.0 0.0 0.0    825M0 -250.0 250.0 -4050.0 0.1000 0 0 0  715.95 0.0 2883
Element:  21 0.0 0.0 0.0 0.0    808M0 -250.0 250.0 -4050.0 0.1000 0 0 0  712.75 0.0 2880
Element:  22 0.0 0.0 0.0 0.0    809M0 -250.0 250.0 -4050.0 0.1000 0 0 0  709.57 0.0 2882
Element:  23 0.0 0.0 0.0 0.0    824M0 -250.0 250.0 -4050.0 0.1000 0 0 0  706.38 0.0 2881
Element:  24 0.0 0.0 0.0 0.0    831M0 -250.0 250.0 -4050.0 0.1000 0 0 0  703.01 0.0 2895
Element:  25 0.0 0.0 0.0 0.0    814M0 -250.0 250.0 -4050.0 0.1000 0 0 0  699.88 0.0 2892
Element:  26 0.0 0.0 0.0 0.0    815M0 -250.0 250.0 -4050.0 0.1000 0 0 0  696.75 0.0 2894
Element:  27 0.0 0.0 0.0 0.0    830M0 -250.0 250.0 -4050.0 0.1000 0 0 0  693.63 0.0 2893
Element:  28 0.0 0.0 0.0 0.0    829M0 -250.0 250.0 -4050.0 0.1000 0 0 0  690.51 0.0 2891
Element:  29 0.0 0.0 0.0 0.0    812M0 -250.0 250.0 -4050.0 0.1000 0 0 0  687.39 0.0 2888
Element:  30 0.0 0.0 0.0 0.0    813M0 -250.0 250.0 -4050.0 0.1000 0 0 0  684.28 0.0 2890
Element:  31 0.0 0.0 0.0 0.0    828M0 -250.0 250.0 -4050.0 0.1000 0 0 0  681.17 0.0 2889
##
## Section: 1, FPD Channels: 32 - 63  TDC Channels: 832 - 863
##
Element:  32 0.0 0.0 0.0 0.0    851M0 -250.0 250.0 -4050.0 0.1000 0 0 0  677.91 0.0 2071
Element:  33 0.0 0.0 0.0 0.0    834M0 -250.0 250.0 -4050.0 0.1000 0 0 0  674.85 0.0 2068
Element:  34 0.0 0.0 0.0 0.0    835M0 -250.0 250.0 -4050.0 0.1000 0 0 0  671.80 0.0 2070
Element:  35 0.0 0.0 0.0 0.0    850M0 -250.0 250.0 -4050.0 0.1000 0 0 0  668.75 0.0 2069
Element:  36 0.0 0.0 0.0 0.0    849M0 -250.0 250.0 -4050.0 0.1000 0 0 0  665.70 0.0 2067
Element:  37 0.0 0.0 0.0 0.0    832M0 -250.0 250.0 -4050.0 0.1000 0 0 0  662.66 0.0 2064
Element:  38 0.0 0.0 0.0 0.0    833M0 -250.0 250.0 -4050.0 0.1000 0 0 0  659.63 0.0 2066
Element:  39 0.0 0.0 0.0 0.0    848M0 -250.0 250.0 -4050.0 0.1000 0 0 0  656.60 0.0 2065
Element:  40 0.0 0.0 0.0 0.0    855M0 -250.0 250.0 -4050.0 0.1000 0 0 0  653.45 0.0 2079
Element:  41 0.0 0.0 0.0 0.0    838M0 -250.0 250.0 -4050.0 0.1000 0 0 0  650.47 0.0 2076
Element:  42 0.0 0.0 0.0 0.0    839M0 -250.0 250.0 -4050.0 0.1000 0 0 0  647.49 0.0 2078
Element:  43 0.0 0.0 0.0 0.0    854M0 -250.0 250.0 -4050.0 0.1000 0 0 0  644.52 0.0 2077
Element:  44 0.0 0.0 0.0 0.0    853M0 -250.0 250.0 -4050.0 0.1000 0 0 0  641.56 0.0 2075
Element:  45 0.0 0.0 0.0 0.0    836M0 -250.0 250.0 -4050.0 0.1000 0 0 0  638.60 0.0 2072
Element:  46 0.0 0.0 0.0 0.0    837M0 -250.0 250.0 -4050.0 0.1000 0 0 0  635.65 0.0 2074
Element:  47 0.0 0.0 0.0 0.0    852M0 -250.0 250.0 -4050.0 0.1000 0 0 0  632.71 0.0 2073
Element:  48 0.0 0.0 0.0 0.0    859M0 -250.0 250.0 -4050.0 0.1000 0 0 0  629.66 0.0 2087
Element:  49 0.0 0.0 0.0 0.0    842M0 -250.0 250.0 -4050.0 0.1000 0 0 0  626.76 0.0 2084
Element:  50 0.0 0.0 0.0 0.0    843M0 -250.0 250.0 -4050.0 0.1000 0 0 0  623.87 0.0 2086
Element:  51 0.0 0.0 0.0 0.0    858M0 -250.0 250.0 -4050.0 0.1000 0 0 0  620.98 0.0 2085
Element:  52 0.0 0.0 0.0 0.0    857M0 -250.0 250.0 -4050.0 0.1000 0 0 0  618.10 0.0 2083
Element:  53 0.0 0.0 0.0 0.0    840M0 -250.0 250.0 -4050.0 0.1000 0 0 0  615.22 0.0 2080
Element:  54 0.0 0.0 0.0 0.0    841M0 -250.0 250.0 -4050.0 0.1000 0 0 0  612.36 0.0 2082
Element:  55 0.0 0.0 0.0 0.0    856M0 -250.0 250.0 -4050.0 0.1000 0 0 0  609.50 0.0 2081
Element:  56 0.0 0.0 0.0 0.0    863M0 -250.0 250.0 -4050.0 0.1000 0 0 0  606.56 0.0 2095
Element:  57 0.0 0.0 0.0 0.0    846M0 -250.0 250.0 -4050.0 0.1000 0 0 0  603.74 0.0 2092
Element:  58 0.0 0.0 0.0 0.0    847M0 -250.0 250.0 -4050.0 0.1000 0 0 0  600.93 0.0 2094
Element:  59 0.0 0.0 0.0 0.0    862M0 -250.0 250.0 -4050.0 0.1000 0 0 0  598.13 0.0 2093
Element:  60 0.0 0.0 0.0 0.0    861M0 -250.0 250.0 -4050.0 0.1000 0 0 0  595.33 0.0 2091
Element:  61 0.0 0.0 0.0 0.0    844M0 -250.0 250.0 -4050.0 0.1000 0 0 0  592.54 0.0 2088
Element:  62 0.0 0.0 0.0 0.0    845M0 -250.0 250.0 -4050.0 0.1000 0 0 0  589.76 0.0 2090
Element:  63 0.0 0.0 0.0 0.0    860M0 -250.0 250.0 -4050.0 0.1000 0 0 0  586.99 0.0 2089
##
## Section: 2, FPD Channels: 64 - 95  TDC Channels: 864 - 895
##
Element:  64 0.0 0.0 0.0 0.0    883M0 -250.0 250.0 -4050.0 0.1000 0 0 0  584.16 0.0 2583
Element:  65 0.0 0.0 0.0 0.0    866M0 -250.0 250.0 -4050.0 0.1000 0 0 0  581.42 0.0 2580
Element:  66 0.0 0.0 0.0 0.0    867M0 -250.0 250.0 -4050.0 0.1000 0 0 0  578.69 0.0 2582
Element:  67 0.0 0.0 0.0 0.0    882M0 -250.0 250.0 -4050.0 0.1000 0 0 0  575.97 0.0 2581
Element:  68 0.0 0.0 0.0 0.0    881M0 -250.0 250.0 -4050.0 0.1000 0 0 0  573.25 0.0 2579
Element:  69 0.0 0.0 0.0 0.0    864M0 -250.0 250.0 -4050.0 0.1000 0 0 0  570.55 0.0 2576
Element:  70 0.0 0.0 0.0 0.0    865M0 -250.0 250.0 -4050.0 0.1000 0 0 0  567.85 0.0 2578
Element:  71 0.0 0.0 0.0 0.0    880M0 -250.0 250.0 -4050.0 0.1000 0 0 0  565.16 0.0 2577
Element:  72 0.0 0.0 0.0 0.0    887M0 -250.0 250.0 -4050.0 0.1000 0 0 0  562.44 0.0 2591
Element:  73 0.0 0.0 0.0 0.0    870M0 -250.0 250.0 -4050.0 0.1000 0 0 0  559.78 0.0 2588
Element:  74 0.0 0.0 0.0 0.0    871M0 -250.0 250.0 -4050.0 0.1000 0 0 0  557.13 0.0 2590
Element:  75 0.0 0.0 0.0 0.0    886M0 -250.0 250.0 -4050.0 0.1000 0 0 0  554.49 0.0 2589
Element:  76 0.0 0.0 0.0 0.0    885M0 -250.0 250.0 -4050.0 0.1000 0 0 0  551.86 0.0 2587
Element:  77 0.0 0.0 0.0 0.0    868M0 -250.0 250.0 -4050.0 0.1000 0 0 0  549.24 0.0 2584
Element:  78 0.0 0.0 0.0 0.0    869M0 -250.0 250.0 -4050.0 0.1000 0 0 0  546.62 0.0 2586
Element:  79 0.0 0.0 0.0 0.0    884M0 -250.0 250.0 -4050.0 0.1000 0 0 0  544.02 0.0 2585
Element:  80 0.0 0.0 0.0 0.0    891M0 -250.0 250.0 -4050.0 0.1000 0 0 0  541.40 0.0 2599
Element:  81 0.0 0.0 0.0 0.0    874M0 -250.0 250.0 -4050.0 0.1000 0 0 0  538.82 0.0 2596
Element:  82 0.0 0.0 0.0 0.0    875M0 -250.0 250.0 -4050.0 0.1000 0 0 0  536.25 0.0 2598
Element:  83 0.0 0.0 0.0 0.0    890M0 -250.0 250.0 -4050.0 0.1000 0 0 0  533.69 0.0 2597
Element:  84 0.0 0.0 0.0 0.0    889M0 -250.0 250.0 -4050.0 0.1000 0 0 0  531.14 0.0 2595
Element:  85 0.0 0.0 0.0 0.0    872M0 -250.0 250.0 -4050.0 0.1000 0 0 0  528.59 0.0 2592
Element:  86 0.0 0.0 0.0 0.0    873M0 -250.0 250.0 -4050.0 0.1000 0 0 0  526.06 0.0 2594
Element:  87 0.0 0.0 0.0 0.0    888M0 -250.0 250.0 -4050.0 0.1000 0 0 0  523.54 0.0 2593
Element:  88 0.0 0.0 0.0 0.0    895M0 -250.0 250.0 -4050.0 0.1000 0 0 0  521.02 0.0 2607
Element:  89 0.0 0.0 0.0 0.0    878M0 -250.0 250.0 -4050.0 0.1000 0 0 0  518.51 0.0 2604
Element:  90 0.0 0.0 0.0 0.0    879M0 -250.0 250.0 -4050.0 0.1000 0 0 0  516.02 0.0 2606
Element:  91 0.0 0.0 0.0 0.0    894M0 -250.0 250.0 -4050.0 0.1000 0 0 0  513.54 0.0 2605
Element:  92 0.0 0.0 0.0 0.0    893M0 -250.0 250.0 -4050.0 0.1000 0 0 0  511.06 0.0 2603
Element:  93 0.0 0.0 0.0 0.0    876M0 -250.0 250.0 -4050.0 0.1000 0 0 0  508.60 0.0 2600
Element:  94 0.0 0.0 0.0 0.0    877M0 -250.0 250.0 -4050.0 0.1000 0 0 0  506.14 0.0 2602
Element:  95 0.0 0.0 0.0 0.0    892M0 -250.0 250.0 -4050.0 0.1000 0 0 0  503.70 0.0 2601
##
## Section: 3, FPD Channels: 96 - 119  TDC Channels: 896 - 927
##
Element:  96 0.0 0.0 0.0 0.0    915M0 -250.0 250.0 -4050.0 0.1000 0 0 0  501.27 0.0 2295
Element:  97 0.0 0.0 0.0 0.0    898M0 -250.0 250.0 -4050.0 0.1000 0 0 0  498.84 0.0 2292
Element:  98 0.0 0.0 0.0 0.0    899M0 -250.0 250.0 -4050.0 0.1000 0 0 0  496.42 0.0 2294
Element:  99 0.0 0.0 0.0 0.0    914M0 -250.0 250.0 -4050.0 0.1000 0 0 0  494.02 0.0 2293
Element: 100 0.0 0.0 0.0 0.0    913M0 -250.0 250.0 -4050.0 0.1000 0 0 0  491.62 0.0 2291
Element: 101 0.0 0.0 0.0 0.0    896M0 -250.0 250.0 -4050.0 0.1000 0 0 0  489.23 0.0 2288
Element: 102 0.0 0.0 0.0 0.0    897M0 -250.0 250.0 -4050.0 0.1000 0 0 0  486.85 0.0 2290
Element: 103 0.0 0.0 0.0 0.0    912M0 -250.0 250.0 -4050.0 0.1000 0 0 0  484.48 0.0 2289
Element: 104 0.0 0.0 0.0 0.0    919M0 -250.0 250.0 -4050.0 0.1000 0 0 0  482.14 0.0 2303
Element: 105 0.0 0.0 0.0 0.0    902M0 -250.0 250.0 -4050.0 0.1000 0 0 0  479.79 0.0 2300
Element: 106 0.0 0.0 0.0 0.0    903M0 -250.0 250.0 -4050.0 0.1000 0 0 0  477.44 0.0 2302
Element: 107 0.0 0.0 0.0 0.0    918M0 -250.0 250.0 -4050.0 0.1000 0 0 0  475.10 0.0 2301
Element: 108 0.0 0.0 0.0 0.0    917M0 -250.0 250.0 -4050.0 0.1000 0 0 0  472.78 0.0 2299
Element: 109 0.0 0.0 0.0 0.0    900M0 -250.0 250.0 -4050.0 0.1000 0 0 0  470.46 0.0 2296
Element: 110 0.0 0.0 0.0 0.0    901M0 -250.0 250.0 -4050.0 0.1000 0 0 0  468.15 0.0 2298
Element: 111 0.0 0.0 0.0 0.0    916M0 -250.0 250.0 -4050.0 0.1000 0 0 0  465.86 0.0 2297
Element: 112 0.0 0.0 0.0 0.0    923M0 -250.0 250.0 -4050.0 0.1000 0 0 0  463.61 0.0 2311
Element: 113 0.0 0.0 0.0 0.0    906M0 -250.0 250.0 -4050.0 0.1000 0 0 0  461.32 0.0 2308
Element: 114 0.0 0.0 0.0 0.0    907M0 -250.0 250.0 -4050.0 0.1000 0 0 0  459.04 0.0 2310
Element: 115 0.0 0.0 0.0 0.0    922M0 -250.0 250.0 -4050.0 0.1000 0 0 0  456.78 0.0 2309
Element: 116 0.0 0.0 0.0 0.0    921M0 -250.0 250.0 -4050.0 0.1000 0 0 0  454.52 0.0 2307
Element: 117 0.0 0.0 0.0 0.0    904M0 -250.0 250.0 -4050.0 0.1000 0 0 0  452.27 0.0 2304
Element: 118 0.0 0.0 0.0 0.0    905M0 -250.0 250.0 -4050.0 0.1000 0 0 0  450.04 0.0 2306
Element: 119 0.0 0.0 0.0 0.0    920M0 -250.0 250.0 -4050.0 0.1000 0 0 0  447.81 0.0 2305
## Last 8 TDC channels reserved for reference TDC and misc. applications
##
## Section: 4, FPD Channels: 120 - 151  TDC Channels: 928 - 959
##
Element: 120 0.0 0.0 0.0 0.0    947M0 -250.0 250.0 -4050.0 0.1000 0 0 0  445.64 0.0 2007
Element: 121 0.0 0.0 0.0 0.0    930M0 -250.0 250.0 -4050.0 0.1000 0 0 0  443.42 0.0 2004
Element: 122 0.0 0.0 0.0 0.0    931M0 -250.0 250.0 -4050.0 0.1000 0 0 0  441.21 0.0 2006
Element: 123 0.0 0.0 0.0 0.0    946M0 -250.0 250.0 -4050.0 0.1000 0 0 0  439.01 0.0 2005
Element: 124 0.0 0.0 0.0 0.0    945M0 -250.0 250.0 -4050.0 0.1000 0 0 0  436.82 0.0 2003
Element: 125 0.0 0.0 0.0 0.0    928M0 -250.0 250.0 -4050.0 0.1000 0 0 0  434.64 0.0 2000
Element: 126 0.0 0.0 0.0 0.0    929M0 -250.0 250.0 -4050.0 0.1000 0 0 0  432.47 0.0 2002
Element: 127 0.0 0.0 0.0 0.0    944M0 -250.0 250.0 -4050.0 0.1000 0 0 0  430.31 0.0 2001
Element: 128 0.0 0.0 0.0 0.0    951M0 -250.0 250.0 -4050.0 0.1000 0 0 0  428.23 0.0 2015
Element: 129 0.0 0.0 0.0 0.0    934M0 -250.0 250.0 -4050.0 0.1000 0 0 0  426.07 0.0 2012
Element: 130 0.0 0.0 0.0 0.0    935M0 -250.0 250.0 -4050.0 0.1000 0 0 0  423.93 0.0 2014
Element: 131 0.0 0.0 0.0 0.0    950M0 -250.0 250.0 -4050.0 0.1000 0 0 0  421.79 0.0 2013
Element: 132 0.0 0.0 0.0 0.0    949M0 -250.0 250.0 -4050.0 0.1000 0 0 0  419.66 0.0 2011
Element: 133 0.0 0.0 0.0 0.0    932M0 -250.0 250.0 -4050.0 0.1000 0 0 0  417.55 0.0 2008
Element: 134 0.0 0.0 0.0 0.0    933M0 -250.0 250.0 -4050.0 0.1000 0 0 0  415.44 0.0 2010
Element: 135 0.0 0.0 0.0 0.0    948M0 -250.0 250.0 -4050.0 0.1000 0 0 0  413.35 0.0 2009
Element: 136 0.0 0.0 0.0 0.0    955M0 -250.0 250.0 -4050.0 0.1000 0 0 0  411.34 0.0 2023
Element: 137 0.0 0.0 0.0 0.0    938M0 -250.0 250.0 -4050.0 0.1000 0 0 0  409.24 0.0 2020
Element: 138 0.0 0.0 0.0 0.0    939M0 -250.0 250.0 -4050.0 0.1000 0 0 0  407.16 0.0 2022
Element: 139 0.0 0.0 0.0 0.0    954M0 -250.0 250.0 -4050.0 0.1000 0 0 0  405.08 0.0 2021
Element: 140 0.0 0.0 0.0 0.0    953M0 -250.0 250.0 -4050.0 0.1000 0 0 0  403.02 0.0 2019
Element: 141 0.0 0.0 0.0 0.0    936M0 -250.0 250.0 -4050.0 0.1000 0 0 0  400.96 0.0 2016
Element: 142 0.0 0.0 0.0 0.0    937M0 -250.0 250.0 -4050.0 0.1000 0 0 0  398.92 0.0 2018
Element: 143 0.0 0.0 0.0 0.0    952M0 -250.0 250.0 -4050.0 0.1000 0 0 0  396.89 0.0 2017
Element: 144 0.0 0.0 0.0 0.0    959M0 -250.0 250.0 -4050.0 0.1000 0 0 0  394.95 0.0 2031
Element: 145 0.0 0.0 0.0 0.0    942M0 -250.0 250.0 -4050.0 0.1000 0 0 0  392.91 0.0 2028
Element: 146 0.0 0.0 0.0 0.0    943M0 -250.0 250.0 -4050.0 0.1000 0 0 0  390.89 0.0 2030
Element: 147 0.0 0.0 0.0 0.0    958M0 -250.0 250.0 -4050.0 0.1000 0 0 0  388.87 0.0 2029
Element: 148 0.0 0.0 0.0 0.0    957M0 -250.0 250.0 -4050.0 0.1000 0 0 0  386.86 0.0 2027
Element: 149 0.0 0.0 0.0 0.0    940M0 -250.0 250.0 -4050.0 0.1000 0 0 0  384.87 0.0 2024
Element: 150 0.0 0.0 0.0 0.0    941M0 -250.0 250.0 -4050.0 0.1000 0 0 0  382.88 0.0 2026
Element: 151 0.0 0.0 0.0 0.0    956M0 -250.0 250.0 -4050.0 0.1000 0 0 0  380.91 0.0 2025
##
## Section: 5, FPD Channels: 152 - 183  TDC Channels: 960 - 991
##
Element: 152 0.0 0.0 0.0 0.0    979M0 -250.0 250.0 -4050.0 0.1000 0 0 0  379.04 0.0 2359
Element: 153 0.0 0.0 0.0 0.0    962M0 -250.0 250.0 -4050.0 0.1000 0 0 0  377.06 0.0 2356
Element: 154 0.0 0.0 0.0 0.0    963M0 -250.0 250.0 -4050.0 0.1000 0 0 0  375.09 0.0 2358
Element: 155 0.0 0.0 0.0 0.0    978M0 -250.0 250.0 -4050.0 0.1000 0 0 0  373.13 0.0 2357
Element: 156 0.0 0.0 0.0 0.0    977M0 -250.0 250.0 -4050.0 0.1000 0 0 0  371.18 0.0 2355
Element: 157 0.0 0.0 0.0 0.0    960M0 -250.0 250.0 -4050.0 0.1000 0 0 0  369.24 0.0 2352
Element: 158 0.0 0.0 0.0 0.0    961M0 -250.0 250.0 -4050.0 0.1000 0 0 0  367.32 0.0 2354
Element: 159 0.0 0.0 0.0 0.0    976M0 -250.0 250.0 -4050.0 0.1000 0 0 0  365.40 0.0 2353
Element: 160 0.0 0.0 0.0 0.0    983M0 -250.0 250.0 -4050.0 0.1000 0 0 0  363.59 0.0 2367
Element: 161 0.0 0.0 0.0 0.0    966M0 -250.0 250.0 -4050.0 0.1000 0 0 0  361.67 0.0 2364
Element: 162 0.0 0.0 0.0 0.0    967M0 -250.0 250.0 -4050.0 0.1000 0 0 0  359.75 0.0 2366
Element: 163 0.0 0.0 0.0 0.0    982M0 -250.0 250.0 -4050.0 0.1000 0 0 0  357.85 0.0 2365
Element: 164 0.0 0.0 0.0 0.0    981M0 -250.0 250.0 -4050.0 0.1000 0 0 0  355.95 0.0 2363
Element: 165 0.0 0.0 0.0 0.0    964M0 -250.0 250.0 -4050.0 0.1000 0 0 0  354.07 0.0 2360
Element: 166 0.0 0.0 0.0 0.0    965M0 -250.0 250.0 -4050.0 0.1000 0 0 0  352.19 0.0 2362
Element: 167 0.0 0.0 0.0 0.0    980M0 -250.0 250.0 -4050.0 0.1000 0 0 0  350.33 0.0 2361
Element: 168 0.0 0.0 0.0 0.0    987M0 -250.0 250.0 -4050.0 0.1000 0 0 0  348.59 0.0 2375
Element: 169 0.0 0.0 0.0 0.0    970M0 -250.0 250.0 -4050.0 0.1000 0 0 0  346.72 0.0 2372
Element: 170 0.0 0.0 0.0 0.0    971M0 -250.0 250.0 -4050.0 0.1000 0 0 0  344.85 0.0 2374
Element: 171 0.0 0.0 0.0 0.0    986M0 -250.0 250.0 -4050.0 0.1000 0 0 0  343.00 0.0 2373
Element: 172 0.0 0.0 0.0 0.0    985M0 -250.0 250.0 -4050.0 0.1000 0 0 0  341.16 0.0 2371
Element: 173 0.0 0.0 0.0 0.0    968M0 -250.0 250.0 -4050.0 0.1000 0 0 0  339.33 0.0 2368
Element: 174 0.0 0.0 0.0 0.0    969M0 -250.0 250.0 -4050.0 0.1000 0 0 0  337.50 0.0 2370
Element: 175 0.0 0.0 0.0 0.0    984M0 -250.0 250.0 -4050.0 0.1000 0 0 0  335.69 0.0 2369
Element: 176 0.0 0.0 0.0 0.0    991M0 -250.0 250.0 -4050.0 0.1000 0 0 0  334.01 0.0 2383
Element: 177 0.0 0.0 0.0 0.0    974M0 -250.0 250.0 -4050.0 0.1000 0 0 0  332.19 0.0 2380
Element: 178 0.0 0.0 0.0 0.0    975M0 -250.0 250.0 -4050.0 0.1000 0 0 0  330.37 0.0 2382
Element: 179 0.0 0.0 0.0 0.0    990M0 -250.0 250.0 -4050.0 0.1000 0 0 0  328.57 0.0 2381
Element: 180 0.0 0.0 0.0 0.0    989M0 -250.0 250.0 -4050.0 0.1000 0 0 0  326.78 0.0 2379
Element: 181 0.0 0.0 0.0 0.0    972M0 -250.0 250.0 -4050.0 0.1000 0 0 0  325.00 0.0 2376
Element: 182 0.0 0.0 0.0 0.0    973M0 -250.0 250.0 -4050.0 0.1000 0 0 0  323.22 0.0 2378
Element: 183 0.0 0.0 0.0 0.0    988M0 -250.0 250.0 -4050.0 0.1000 0 0 0  321.46 0.0 2377
##
## Section: 6, FPD Channels: 184 - 215  TDC Channels: 992 - 1023
##
Element: 184 0.0 0.0 0.0 0.0   1011M0 -250.0 250.0 -4050.0 0.1000 0 0 0  319.84 0.0 2647
Element: 185 0.0 0.0 0.0 0.0    994M0 -250.0 250.0 -4050.0 0.1000 0 0 0  318.06 0.0 2644
Element: 186 0.0 0.0 0.0 0.0    995M0 -250.0 250.0 -4050.0 0.1000 0 0 0  316.30 0.0 2646
Element: 187 0.0 0.0 0.0 0.0   1010M0 -250.0 250.0 -4050.0 0.1000 0 0 0  314.55 0.0 2645
Element: 188 0.0 0.0 0.0 0.0   1009M0 -250.0 250.0 -4050.0 0.1000 0 0 0  312.80 0.0 2643
Element: 189 0.0 0.0 0.0 0.0    992M0 -250.0 250.0 -4050.0 0.1000 0 0 0  311.07 0.0 2640
Element: 190 0.0 0.0 0.0 0.0    993M0 -250.0 250.0 -4050.0 0.1000 0 0 0  309.34 0.0 2642
Element: 191 0.0 0.0 0.0 0.0   1008M0 -250.0 250.0 -4050.0 0.1000 0 0 0  307.63 0.0 2641
Element: 192 0.0 0.0 0.0 0.0   1015M0 -250.0 250.0 -4050.0 0.1000 0 0 0  306.06 0.0 2655
Element: 193 0.0 0.0 0.0 0.0    998M0 -250.0 250.0 -4050.0 0.1000 0 0 0  304.33 0.0 2652
Element: 194 0.0 0.0 0.0 0.0    999M0 -250.0 250.0 -4050.0 0.1000 0 0 0  302.62 0.0 2654
Element: 195 0.0 0.0 0.0 0.0   1014M0 -250.0 250.0 -4050.0 0.1000 0 0 0  300.91 0.0 2653
Element: 196 0.0 0.0 0.0 0.0   1013M0 -250.0 250.0 -4050.0 0.1000 0 0 0  299.21 0.0 2651
Element: 197 0.0 0.0 0.0 0.0    996M0 -250.0 250.0 -4050.0 0.1000 0 0 0  297.53 0.0 2648
Element: 198 0.0 0.0 0.0 0.0    997M0 -250.0 250.0 -4050.0 0.1000 0 0 0  295.85 0.0 2650
Element: 199 0.0 0.0 0.0 0.0   1012M0 -250.0 250.0 -4050.0 0.1000 0 0 0  294.18 0.0 2649
Element: 200 0.0 0.0 0.0 0.0   1019M0 -250.0 250.0 -4050.0 0.1000 0 0 0  292.67 0.0 2663
Element: 201 0.0 0.0 0.0 0.0   1002M0 -250.0 250.0 -4050.0 0.1000 0 0 0  290.98 0.0 2660
Element: 202 0.0 0.0 0.0 0.0   1003M0 -250.0 250.0 -4050.0 0.1000 0 0 0  289.31 0.0 2662
Element: 203 0.0 0.0 0.0 0.0   1018M0 -250.0 250.0 -4050.0 0.1000 0 0 0  287.65 0.0 2661
Element: 204 0.0 0.0 0.0 0.0   1017M0 -250.0 250.0 -4050.0 0.1000 0 0 0  286.00 0.0 2659
Element: 205 0.0 0.0 0.0 0.0   1000M0 -250.0 250.0 -4050.0 0.1000 0 0 0  284.36 0.0 2656
Element: 206 0.0 0.0 0.0 0.0   1001M0 -250.0 250.0 -4050.0 0.1000 0 0 0  282.72 0.0 2658
Element: 207 0.0 0.0 0.0 0.0   1016M0 -250.0 250.0 -4050.0 0.1000 0 0 0  281.10 0.0 2657
Element: 208 0.0 0.0 0.0 0.0   1023M0 -250.0 250.0 -4050.0 0.1000 0 0 0  279.64 0.0 2671
Element: 209 0.0 0.0 0.0 0.0   1006M0 -250.0 250.0 -4050.0 0.1000 0 0 0  278.00 0.0 2668
Element: 210 0.0 0.0 0.0 0.0   1007M0 -250.0 250.0 -4050.0 0.1000 0 0 0  276.37 0.0 2670
Element: 211 0.0 0.0 0.0 0.0   1022M0 -250.0 250.0 -4050.0 0.1000 0 0 0  274.75 0.0 2669
Element: 212 0.0 0.0 0.0 0.0   1021M0 -250.0 250.0 -4050.0 0.1000 0 0 0  273.15 0.0 2667
Element: 213 0.0 0.0 0.0 0.0   1004M0 -250.0 250.0 -4050.0 0.1000 0 0 0  271.55 0.0 2664
Element: 214 0.0 0.0 0.0 0.0   1005M0 -250.0 250.0 -4050.0 0.1000 0 0 0  269.96 0.0 2666
Element: 215 0.0 0.0 0.0 0.0   1020M0 -250.0 250.0 -4050.0 0.1000 0 0 0  268.38 0.0 2665
##
## Section: 7, FPD Channels: 216 - 239  TDC Channels: 1024 - 1055
##
Element: 216 0.0 0.0 0.0 0.0   1043M0 -250.0 250.0 -4050.0 0.1000 0 0 0  266.97 0.0 2039
Element: 217 0.0 0.0 0.0 0.0   1026M0 -250.0 250.0 -4050.0 0.1000 0 0 0  265.37 0.0 2036
Element: 218 0.0 0.0 0.0 0.0   1027M0 -250.0 250.0 -4050.0 0.1000 0 0 0  263.79 0.0 2038
Element: 219 0.0 0.0 0.0 0.0   1042M0 -250.0 250.0 -4050.0 0.1000 0 0 0  262.21 0.0 2037
Element: 220 0.0 0.0 0.0 0.0   1041M0 -250.0 250.0 -4050.0 0.1000 0 0 0  260.65 0.0 2035
Element: 221 0.0 0.0 0.0 0.0   1024M0 -250.0 250.0 -4050.0 0.1000 0 0 0  259.09 0.0 2032
Element: 222 0.0 0.0 0.0 0.0   1025M0 -250.0 250.0 -4050.0 0.1000 0 0 0  257.55 0.0 2034
Element: 223 0.0 0.0 0.0 0.0   1040M0 -250.0 250.0 -4050.0 0.1000 0 0 0  256.01 0.0 2033
Element: 224 0.0 0.0 0.0 0.0   1047M0 -250.0 250.0 -4050.0 0.1000 0 0 0  254.64 0.0 2047
Element: 225 0.0 0.0 0.0 0.0   1030M0 -250.0 250.0 -4050.0 0.1000 0 0 0  253.09 0.0 2044
Element: 226 0.0 0.0 0.0 0.0   1031M0 -250.0 250.0 -4050.0 0.1000 0 0 0  251.55 0.0 2046
Element: 227 0.0 0.0 0.0 0.0   1046M0 -250.0 250.0 -4050.0 0.1000 0 0 0  250.01 0.0 2045
Element: 228 0.0 0.0 0.0 0.0   1045M0 -250.0 250.0 -4050.0 0.1000 0 0 0  248.49 0.0 2043
Element: 229 0.0 0.0 0.0 0.0   1028M0 -250.0 250.0 -4050.0 0.1000 0 0 0  246.98 0.0 2040
Element: 230 0.0 0.0 0.0 0.0   1029M0 -250.0 250.0 -4050.0 0.1000 0 0 0  245.48 0.0 2042
Element: 231 0.0 0.0 0.0 0.0   1044M0 -250.0 250.0 -4050.0 0.1000 0 0 0  243.98 0.0 2041
Element: 232 0.0 0.0 0.0 0.0   1051M0 -250.0 250.0 -4050.0 0.1000 0 0 0  242.66 0.0 2055
Element: 233 0.0 0.0 0.0 0.0   1034M0 -250.0 250.0 -4050.0 0.1000 0 0 0  241.15 0.0 2052
Element: 234 0.0 0.0 0.0 0.0   1035M0 -250.0 250.0 -4050.0 0.1000 0 0 0  239.65 0.0 2054
Element: 235 0.0 0.0 0.0 0.0   1050M0 -250.0 250.0 -4050.0 0.1000 0 0 0  238.15 0.0 2053
Element: 236 0.0 0.0 0.0 0.0   1049M0 -250.0 250.0 -4050.0 0.1000 0 0 0  236.67 0.0 2051
Element: 237 0.0 0.0 0.0 0.0   1032M0 -250.0 250.0 -4050.0 0.1000 0 0 0  235.20 0.0 2048
Element: 238 0.0 0.0 0.0 0.0   1033M0 -250.0 250.0 -4050.0 0.1000 0 0 0  233.74 0.0 2050
Element: 239 0.0 0.0 0.0 0.0   1048M0 -250.0 250.0 -4050.0 0.1000 0 0 0  232.29 0.0 2049
## Last 8 TDC channels reserved for reference TDC and misc. applications
Initialise: 
Display: 1D Nhits       32 0 32
Display: 1D NhitsPrompt 32 0 32
Display: 1D NhitsRand   32 0 32
Display: 1D Hits        240 0 240
Display: 1D HitsPrompt  240 0 240
Display: 1D HitsRand    240 0 240
Display: 1D TimeOR     1000 -250.0 250.0
#Display: 1D Time  1000 -250.0 250.0   0 240
Display: 1D Eelect   1000 0 0.0
Display: 1D ScalerCurr 240 0 240
Display: 1D ScalerAcc  240 0 240
Display: 1D Doubles  	240 0 240
Display: 1D NDoubles  	32 0 32
Display: 2D TimeOR   200 -250.0 250.0 -1 Hits 240 0 240 -1
Display: 2D TimeOR   200 -250.0 250.0 -1 Doubles 240 0 240 -1
