##  Auto-Generated Tagger-Ladder Config File
##  ROOT Macro NewFPDGen.C
##  J.R.M. Annand 8th September 2017
Size: 240 0 1 1
Misc: 1 1 0 0 0   0.0	0.0
Window:   -20. 20. -40. -20.
Window:   -20. 20.  20.  40.
##
## N.B. No QDC information supplied
## No electron energy calibration supplied
##
## Section: 0, FPD Channels: 0 - 31  TDC Channels: 800 - 831
##
Element:   0 0.0 0.0 0.0 0.0    803M0 -250.0 250.0 -2000.0 0.1000 0 0 0    0.0 0.0 2003
Element:   1 0.0 0.0 0.0 0.0    802M0 -250.0 250.0 -2000.0 0.1000 0 0 0    0.0 0.0 2002
Element:   2 0.0 0.0 0.0 0.0    800M0 -250.0 250.0 -2000.0 0.1000 0 0 0    0.0 0.0 2000
Element:   3 0.0 0.0 0.0 0.0    801M0 -250.0 250.0 -2000.0 0.1000 0 0 0    0.0 0.0 2001
Element:   4 0.0 0.0 0.0 0.0    819M0 -250.0 250.0 -2000.0 0.1000 0 0 0    0.0 0.0 2019
Element:   5 0.0 0.0 0.0 0.0    818M0 -250.0 250.0 -2000.0 0.1000 0 0 0    0.0 0.0 2018
Element:   6 0.0 0.0 0.0 0.0    816M0 -250.0 250.0 -2000.0 0.1000 0 0 0    0.0 0.0 2016
Element:   7 0.0 0.0 0.0 0.0    817M0 -250.0 250.0 -2000.0 0.1000 0 0 0    0.0 0.0 2017
Element:   8 0.0 0.0 0.0 0.0    807M0 -250.0 250.0 -2000.0 0.1000 0 0 0    0.0 0.0 2007
Element:   9 0.0 0.0 0.0 0.0    806M0 -250.0 250.0 -2000.0 0.1000 0 0 0    0.0 0.0 2006
Element:  10 0.0 0.0 0.0 0.0    804M0 -250.0 250.0 -2000.0 0.1000 0 0 0    0.0 0.0 2004
Element:  11 0.0 0.0 0.0 0.0    805M0 -250.0 250.0 -2000.0 0.1000 0 0 0    0.0 0.0 2005
Element:  12 0.0 0.0 0.0 0.0    823M0 -250.0 250.0 -2000.0 0.1000 0 0 0    0.0 0.0 2023
Element:  13 0.0 0.0 0.0 0.0    822M0 -250.0 250.0 -2000.0 0.1000 0 0 0    0.0 0.0 2022
Element:  14 0.0 0.0 0.0 0.0    820M0 -250.0 250.0 -2000.0 0.1000 0 0 0    0.0 0.0 2020
Element:  15 0.0 0.0 0.0 0.0    821M0 -250.0 250.0 -2000.0 0.1000 0 0 0    0.0 0.0 2021
Element:  16 0.0 0.0 0.0 0.0    811M0 -250.0 250.0 -2000.0 0.1000 0 0 0    0.0 0.0 2011
Element:  17 0.0 0.0 0.0 0.0    810M0 -250.0 250.0 -2000.0 0.1000 0 0 0    0.0 0.0 2010
Element:  18 0.0 0.0 0.0 0.0    808M0 -250.0 250.0 -2000.0 0.1000 0 0 0    0.0 0.0 2008
Element:  19 0.0 0.0 0.0 0.0    809M0 -250.0 250.0 -2000.0 0.1000 0 0 0    0.0 0.0 2009
Element:  20 0.0 0.0 0.0 0.0    827M0 -250.0 250.0 -2000.0 0.1000 0 0 0    0.0 0.0 2027
Element:  21 0.0 0.0 0.0 0.0    826M0 -250.0 250.0 -2000.0 0.1000 0 0 0    0.0 0.0 2026
Element:  22 0.0 0.0 0.0 0.0    824M0 -250.0 250.0 -2000.0 0.1000 0 0 0    0.0 0.0 2024
Element:  23 0.0 0.0 0.0 0.0    825M0 -250.0 250.0 -2000.0 0.1000 0 0 0    0.0 0.0 2025
Element:  24 0.0 0.0 0.0 0.0    815M0 -250.0 250.0 -2000.0 0.1000 0 0 0    0.0 0.0 2015
Element:  25 0.0 0.0 0.0 0.0    814M0 -250.0 250.0 -2000.0 0.1000 0 0 0    0.0 0.0 2014
Element:  26 0.0 0.0 0.0 0.0    812M0 -250.0 250.0 -2000.0 0.1000 0 0 0    0.0 0.0 2012
Element:  27 0.0 0.0 0.0 0.0    813M0 -250.0 250.0 -2000.0 0.1000 0 0 0    0.0 0.0 2013
Element:  28 0.0 0.0 0.0 0.0    831M0 -250.0 250.0 -2000.0 0.1000 0 0 0    0.0 0.0 2031
Element:  29 0.0 0.0 0.0 0.0    830M0 -250.0 250.0 -2000.0 0.1000 0 0 0    0.0 0.0 2030
Element:  30 0.0 0.0 0.0 0.0    828M0 -250.0 250.0 -2000.0 0.1000 0 0 0    0.0 0.0 2028
Element:  31 0.0 0.0 0.0 0.0    829M0 -250.0 250.0 -2000.0 0.1000 0 0 0    0.0 0.0 2029
##
## Section: 1, FPD Channels: 32 - 63  TDC Channels: 832 - 863
##
Element:  32 0.0 0.0 0.0 0.0    835M0 -250.0 250.0 -2000.0 0.1000 0 0 0    0.0 0.0 2035
Element:  33 0.0 0.0 0.0 0.0    834M0 -250.0 250.0 -2000.0 0.1000 0 0 0    0.0 0.0 2034
Element:  34 0.0 0.0 0.0 0.0    832M0 -250.0 250.0 -2000.0 0.1000 0 0 0    0.0 0.0 2032
Element:  35 0.0 0.0 0.0 0.0    833M0 -250.0 250.0 -2000.0 0.1000 0 0 0    0.0 0.0 2033
Element:  36 0.0 0.0 0.0 0.0    851M0 -250.0 250.0 -2000.0 0.1000 0 0 0    0.0 0.0 2051
Element:  37 0.0 0.0 0.0 0.0    850M0 -250.0 250.0 -2000.0 0.1000 0 0 0    0.0 0.0 2050
Element:  38 0.0 0.0 0.0 0.0    848M0 -250.0 250.0 -2000.0 0.1000 0 0 0    0.0 0.0 2048
Element:  39 0.0 0.0 0.0 0.0    849M0 -250.0 250.0 -2000.0 0.1000 0 0 0    0.0 0.0 2049
Element:  40 0.0 0.0 0.0 0.0    839M0 -250.0 250.0 -2000.0 0.1000 0 0 0    0.0 0.0 2039
Element:  41 0.0 0.0 0.0 0.0    838M0 -250.0 250.0 -2000.0 0.1000 0 0 0    0.0 0.0 2038
Element:  42 0.0 0.0 0.0 0.0    836M0 -250.0 250.0 -2000.0 0.1000 0 0 0    0.0 0.0 2036
Element:  43 0.0 0.0 0.0 0.0    837M0 -250.0 250.0 -2000.0 0.1000 0 0 0    0.0 0.0 2037
Element:  44 0.0 0.0 0.0 0.0    855M0 -250.0 250.0 -2000.0 0.1000 0 0 0    0.0 0.0 2055
Element:  45 0.0 0.0 0.0 0.0    854M0 -250.0 250.0 -2000.0 0.1000 0 0 0    0.0 0.0 2054
Element:  46 0.0 0.0 0.0 0.0    852M0 -250.0 250.0 -2000.0 0.1000 0 0 0    0.0 0.0 2052
Element:  47 0.0 0.0 0.0 0.0    853M0 -250.0 250.0 -2000.0 0.1000 0 0 0    0.0 0.0 2053
Element:  48 0.0 0.0 0.0 0.0    843M0 -250.0 250.0 -2000.0 0.1000 0 0 0    0.0 0.0 2043
Element:  49 0.0 0.0 0.0 0.0    842M0 -250.0 250.0 -2000.0 0.1000 0 0 0    0.0 0.0 2042
Element:  50 0.0 0.0 0.0 0.0    840M0 -250.0 250.0 -2000.0 0.1000 0 0 0    0.0 0.0 2040
Element:  51 0.0 0.0 0.0 0.0    841M0 -250.0 250.0 -2000.0 0.1000 0 0 0    0.0 0.0 2041
Element:  52 0.0 0.0 0.0 0.0    859M0 -250.0 250.0 -2000.0 0.1000 0 0 0    0.0 0.0 2059
Element:  53 0.0 0.0 0.0 0.0    858M0 -250.0 250.0 -2000.0 0.1000 0 0 0    0.0 0.0 2058
Element:  54 0.0 0.0 0.0 0.0    856M0 -250.0 250.0 -2000.0 0.1000 0 0 0    0.0 0.0 2056
Element:  55 0.0 0.0 0.0 0.0    857M0 -250.0 250.0 -2000.0 0.1000 0 0 0    0.0 0.0 2057
Element:  56 0.0 0.0 0.0 0.0    847M0 -250.0 250.0 -2000.0 0.1000 0 0 0    0.0 0.0 2047
Element:  57 0.0 0.0 0.0 0.0    846M0 -250.0 250.0 -2000.0 0.1000 0 0 0    0.0 0.0 2046
Element:  58 0.0 0.0 0.0 0.0    844M0 -250.0 250.0 -2000.0 0.1000 0 0 0    0.0 0.0 2044
Element:  59 0.0 0.0 0.0 0.0    845M0 -250.0 250.0 -2000.0 0.1000 0 0 0    0.0 0.0 2045
Element:  60 0.0 0.0 0.0 0.0    863M0 -250.0 250.0 -2000.0 0.1000 0 0 0    0.0 0.0 2063
Element:  61 0.0 0.0 0.0 0.0    862M0 -250.0 250.0 -2000.0 0.1000 0 0 0    0.0 0.0 2062
Element:  62 0.0 0.0 0.0 0.0    860M0 -250.0 250.0 -2000.0 0.1000 0 0 0    0.0 0.0 2060
Element:  63 0.0 0.0 0.0 0.0    861M0 -250.0 250.0 -2000.0 0.1000 0 0 0    0.0 0.0 2061
##
## Section: 2, FPD Channels: 64 - 95  TDC Channels: 864 - 895
##
Element:  64 0.0 0.0 0.0 0.0    867M0 -250.0 250.0 -2000.0 0.1000 0 0 0    0.0 0.0 2067
Element:  65 0.0 0.0 0.0 0.0    866M0 -250.0 250.0 -2000.0 0.1000 0 0 0    0.0 0.0 2066
Element:  66 0.0 0.0 0.0 0.0    864M0 -250.0 250.0 -2000.0 0.1000 0 0 0    0.0 0.0 2064
Element:  67 0.0 0.0 0.0 0.0    865M0 -250.0 250.0 -2000.0 0.1000 0 0 0    0.0 0.0 2065
Element:  68 0.0 0.0 0.0 0.0    883M0 -250.0 250.0 -2000.0 0.1000 0 0 0    0.0 0.0 2083
Element:  69 0.0 0.0 0.0 0.0    882M0 -250.0 250.0 -2000.0 0.1000 0 0 0    0.0 0.0 2082
Element:  70 0.0 0.0 0.0 0.0    880M0 -250.0 250.0 -2000.0 0.1000 0 0 0    0.0 0.0 2080
Element:  71 0.0 0.0 0.0 0.0    881M0 -250.0 250.0 -2000.0 0.1000 0 0 0    0.0 0.0 2081
Element:  72 0.0 0.0 0.0 0.0    871M0 -250.0 250.0 -2000.0 0.1000 0 0 0    0.0 0.0 2071
Element:  73 0.0 0.0 0.0 0.0    870M0 -250.0 250.0 -2000.0 0.1000 0 0 0    0.0 0.0 2070
Element:  74 0.0 0.0 0.0 0.0    868M0 -250.0 250.0 -2000.0 0.1000 0 0 0    0.0 0.0 2068
Element:  75 0.0 0.0 0.0 0.0    869M0 -250.0 250.0 -2000.0 0.1000 0 0 0    0.0 0.0 2069
Element:  76 0.0 0.0 0.0 0.0    887M0 -250.0 250.0 -2000.0 0.1000 0 0 0    0.0 0.0 2087
Element:  77 0.0 0.0 0.0 0.0    886M0 -250.0 250.0 -2000.0 0.1000 0 0 0    0.0 0.0 2086
Element:  78 0.0 0.0 0.0 0.0    884M0 -250.0 250.0 -2000.0 0.1000 0 0 0    0.0 0.0 2084
Element:  79 0.0 0.0 0.0 0.0    885M0 -250.0 250.0 -2000.0 0.1000 0 0 0    0.0 0.0 2085
Element:  80 0.0 0.0 0.0 0.0    875M0 -250.0 250.0 -2000.0 0.1000 0 0 0    0.0 0.0 2075
Element:  81 0.0 0.0 0.0 0.0    874M0 -250.0 250.0 -2000.0 0.1000 0 0 0    0.0 0.0 2074
Element:  82 0.0 0.0 0.0 0.0    872M0 -250.0 250.0 -2000.0 0.1000 0 0 0    0.0 0.0 2072
Element:  83 0.0 0.0 0.0 0.0    873M0 -250.0 250.0 -2000.0 0.1000 0 0 0    0.0 0.0 2073
Element:  84 0.0 0.0 0.0 0.0    891M0 -250.0 250.0 -2000.0 0.1000 0 0 0    0.0 0.0 2091
Element:  85 0.0 0.0 0.0 0.0    890M0 -250.0 250.0 -2000.0 0.1000 0 0 0    0.0 0.0 2090
Element:  86 0.0 0.0 0.0 0.0    888M0 -250.0 250.0 -2000.0 0.1000 0 0 0    0.0 0.0 2088
Element:  87 0.0 0.0 0.0 0.0    889M0 -250.0 250.0 -2000.0 0.1000 0 0 0    0.0 0.0 2089
Element:  88 0.0 0.0 0.0 0.0    879M0 -250.0 250.0 -2000.0 0.1000 0 0 0    0.0 0.0 2079
Element:  89 0.0 0.0 0.0 0.0    878M0 -250.0 250.0 -2000.0 0.1000 0 0 0    0.0 0.0 2078
Element:  90 0.0 0.0 0.0 0.0    876M0 -250.0 250.0 -2000.0 0.1000 0 0 0    0.0 0.0 2076
Element:  91 0.0 0.0 0.0 0.0    877M0 -250.0 250.0 -2000.0 0.1000 0 0 0    0.0 0.0 2077
Element:  92 0.0 0.0 0.0 0.0    895M0 -250.0 250.0 -2000.0 0.1000 0 0 0    0.0 0.0 2095
Element:  93 0.0 0.0 0.0 0.0    894M0 -250.0 250.0 -2000.0 0.1000 0 0 0    0.0 0.0 2094
Element:  94 0.0 0.0 0.0 0.0    892M0 -250.0 250.0 -2000.0 0.1000 0 0 0    0.0 0.0 2092
Element:  95 0.0 0.0 0.0 0.0    893M0 -250.0 250.0 -2000.0 0.1000 0 0 0    0.0 0.0 2093
##
## Section: 3, FPD Channels: 96 - 119  TDC Channels: 896 - 927
##
Element:  96 0.0 0.0 0.0 0.0    899M0 -250.0 250.0 -2000.0 0.1000 0 0 0    0.0 0.0 2099
Element:  97 0.0 0.0 0.0 0.0    898M0 -250.0 250.0 -2000.0 0.1000 0 0 0    0.0 0.0 2098
Element:  98 0.0 0.0 0.0 0.0    896M0 -250.0 250.0 -2000.0 0.1000 0 0 0    0.0 0.0 2096
Element:  99 0.0 0.0 0.0 0.0    897M0 -250.0 250.0 -2000.0 0.1000 0 0 0    0.0 0.0 2097
Element: 100 0.0 0.0 0.0 0.0    915M0 -250.0 250.0 -2000.0 0.1000 0 0 0    0.0 0.0 2115
Element: 101 0.0 0.0 0.0 0.0    914M0 -250.0 250.0 -2000.0 0.1000 0 0 0    0.0 0.0 2114
Element: 102 0.0 0.0 0.0 0.0    912M0 -250.0 250.0 -2000.0 0.1000 0 0 0    0.0 0.0 2112
Element: 103 0.0 0.0 0.0 0.0    913M0 -250.0 250.0 -2000.0 0.1000 0 0 0    0.0 0.0 2113
Element: 104 0.0 0.0 0.0 0.0    903M0 -250.0 250.0 -2000.0 0.1000 0 0 0    0.0 0.0 2103
Element: 105 0.0 0.0 0.0 0.0    902M0 -250.0 250.0 -2000.0 0.1000 0 0 0    0.0 0.0 2102
Element: 106 0.0 0.0 0.0 0.0    900M0 -250.0 250.0 -2000.0 0.1000 0 0 0    0.0 0.0 2100
Element: 107 0.0 0.0 0.0 0.0    901M0 -250.0 250.0 -2000.0 0.1000 0 0 0    0.0 0.0 2101
Element: 108 0.0 0.0 0.0 0.0    919M0 -250.0 250.0 -2000.0 0.1000 0 0 0    0.0 0.0 2119
Element: 109 0.0 0.0 0.0 0.0    918M0 -250.0 250.0 -2000.0 0.1000 0 0 0    0.0 0.0 2118
Element: 110 0.0 0.0 0.0 0.0    916M0 -250.0 250.0 -2000.0 0.1000 0 0 0    0.0 0.0 2116
Element: 111 0.0 0.0 0.0 0.0    917M0 -250.0 250.0 -2000.0 0.1000 0 0 0    0.0 0.0 2117
Element: 112 0.0 0.0 0.0 0.0    907M0 -250.0 250.0 -2000.0 0.1000 0 0 0    0.0 0.0 2107
Element: 113 0.0 0.0 0.0 0.0    906M0 -250.0 250.0 -2000.0 0.1000 0 0 0    0.0 0.0 2106
Element: 114 0.0 0.0 0.0 0.0    904M0 -250.0 250.0 -2000.0 0.1000 0 0 0    0.0 0.0 2104
Element: 115 0.0 0.0 0.0 0.0    905M0 -250.0 250.0 -2000.0 0.1000 0 0 0    0.0 0.0 2105
Element: 116 0.0 0.0 0.0 0.0    923M0 -250.0 250.0 -2000.0 0.1000 0 0 0    0.0 0.0 2123
Element: 117 0.0 0.0 0.0 0.0    922M0 -250.0 250.0 -2000.0 0.1000 0 0 0    0.0 0.0 2122
Element: 118 0.0 0.0 0.0 0.0    920M0 -250.0 250.0 -2000.0 0.1000 0 0 0    0.0 0.0 2120
Element: 119 0.0 0.0 0.0 0.0    921M0 -250.0 250.0 -2000.0 0.1000 0 0 0    0.0 0.0 2121
## Last 8 TDC channels reserved for reference TDC and misc. applications
##
## Section: 4, FPD Channels: 120 - 151  TDC Channels: 928 - 959
##
Element: 120 0.0 0.0 0.0 0.0    931M0 -250.0 250.0 -2000.0 0.1000 0 0 0    0.0 0.0 2131
Element: 121 0.0 0.0 0.0 0.0    930M0 -250.0 250.0 -2000.0 0.1000 0 0 0    0.0 0.0 2130
Element: 122 0.0 0.0 0.0 0.0    928M0 -250.0 250.0 -2000.0 0.1000 0 0 0    0.0 0.0 2128
Element: 123 0.0 0.0 0.0 0.0    929M0 -250.0 250.0 -2000.0 0.1000 0 0 0    0.0 0.0 2129
Element: 124 0.0 0.0 0.0 0.0    947M0 -250.0 250.0 -2000.0 0.1000 0 0 0    0.0 0.0 2147
Element: 125 0.0 0.0 0.0 0.0    946M0 -250.0 250.0 -2000.0 0.1000 0 0 0    0.0 0.0 2146
Element: 126 0.0 0.0 0.0 0.0    944M0 -250.0 250.0 -2000.0 0.1000 0 0 0    0.0 0.0 2144
Element: 127 0.0 0.0 0.0 0.0    945M0 -250.0 250.0 -2000.0 0.1000 0 0 0    0.0 0.0 2145
Element: 128 0.0 0.0 0.0 0.0    935M0 -250.0 250.0 -2000.0 0.1000 0 0 0    0.0 0.0 2135
Element: 129 0.0 0.0 0.0 0.0    934M0 -250.0 250.0 -2000.0 0.1000 0 0 0    0.0 0.0 2134
Element: 130 0.0 0.0 0.0 0.0    932M0 -250.0 250.0 -2000.0 0.1000 0 0 0    0.0 0.0 2132
Element: 131 0.0 0.0 0.0 0.0    933M0 -250.0 250.0 -2000.0 0.1000 0 0 0    0.0 0.0 2133
Element: 132 0.0 0.0 0.0 0.0    951M0 -250.0 250.0 -2000.0 0.1000 0 0 0    0.0 0.0 2151
Element: 133 0.0 0.0 0.0 0.0    950M0 -250.0 250.0 -2000.0 0.1000 0 0 0    0.0 0.0 2150
Element: 134 0.0 0.0 0.0 0.0    948M0 -250.0 250.0 -2000.0 0.1000 0 0 0    0.0 0.0 2148
Element: 135 0.0 0.0 0.0 0.0    949M0 -250.0 250.0 -2000.0 0.1000 0 0 0    0.0 0.0 2149
Element: 136 0.0 0.0 0.0 0.0    939M0 -250.0 250.0 -2000.0 0.1000 0 0 0    0.0 0.0 2139
Element: 137 0.0 0.0 0.0 0.0    938M0 -250.0 250.0 -2000.0 0.1000 0 0 0    0.0 0.0 2138
Element: 138 0.0 0.0 0.0 0.0    936M0 -250.0 250.0 -2000.0 0.1000 0 0 0    0.0 0.0 2136
Element: 139 0.0 0.0 0.0 0.0    937M0 -250.0 250.0 -2000.0 0.1000 0 0 0    0.0 0.0 2137
Element: 140 0.0 0.0 0.0 0.0    955M0 -250.0 250.0 -2000.0 0.1000 0 0 0    0.0 0.0 2155
Element: 141 0.0 0.0 0.0 0.0    954M0 -250.0 250.0 -2000.0 0.1000 0 0 0    0.0 0.0 2154
Element: 142 0.0 0.0 0.0 0.0    952M0 -250.0 250.0 -2000.0 0.1000 0 0 0    0.0 0.0 2152
Element: 143 0.0 0.0 0.0 0.0    953M0 -250.0 250.0 -2000.0 0.1000 0 0 0    0.0 0.0 2153
Element: 144 0.0 0.0 0.0 0.0    943M0 -250.0 250.0 -2000.0 0.1000 0 0 0    0.0 0.0 2143
Element: 145 0.0 0.0 0.0 0.0    942M0 -250.0 250.0 -2000.0 0.1000 0 0 0    0.0 0.0 2142
Element: 146 0.0 0.0 0.0 0.0    940M0 -250.0 250.0 -2000.0 0.1000 0 0 0    0.0 0.0 2140
Element: 147 0.0 0.0 0.0 0.0    941M0 -250.0 250.0 -2000.0 0.1000 0 0 0    0.0 0.0 2141
Element: 148 0.0 0.0 0.0 0.0    959M0 -250.0 250.0 -2000.0 0.1000 0 0 0    0.0 0.0 2159
Element: 149 0.0 0.0 0.0 0.0    958M0 -250.0 250.0 -2000.0 0.1000 0 0 0    0.0 0.0 2158
Element: 150 0.0 0.0 0.0 0.0    956M0 -250.0 250.0 -2000.0 0.1000 0 0 0    0.0 0.0 2156
Element: 151 0.0 0.0 0.0 0.0    957M0 -250.0 250.0 -2000.0 0.1000 0 0 0    0.0 0.0 2157
##
## Section: 5, FPD Channels: 152 - 183  TDC Channels: 960 - 991
##
Element: 152 0.0 0.0 0.0 0.0    963M0 -250.0 250.0 -2000.0 0.1000 0 0 0    0.0 0.0 2163
Element: 153 0.0 0.0 0.0 0.0    962M0 -250.0 250.0 -2000.0 0.1000 0 0 0    0.0 0.0 2162
Element: 154 0.0 0.0 0.0 0.0    960M0 -250.0 250.0 -2000.0 0.1000 0 0 0    0.0 0.0 2160
Element: 155 0.0 0.0 0.0 0.0    961M0 -250.0 250.0 -2000.0 0.1000 0 0 0    0.0 0.0 2161
Element: 156 0.0 0.0 0.0 0.0    979M0 -250.0 250.0 -2000.0 0.1000 0 0 0    0.0 0.0 2179
Element: 157 0.0 0.0 0.0 0.0    978M0 -250.0 250.0 -2000.0 0.1000 0 0 0    0.0 0.0 2178
Element: 158 0.0 0.0 0.0 0.0    976M0 -250.0 250.0 -2000.0 0.1000 0 0 0    0.0 0.0 2176
Element: 159 0.0 0.0 0.0 0.0    977M0 -250.0 250.0 -2000.0 0.1000 0 0 0    0.0 0.0 2177
Element: 160 0.0 0.0 0.0 0.0    967M0 -250.0 250.0 -2000.0 0.1000 0 0 0    0.0 0.0 2167
Element: 161 0.0 0.0 0.0 0.0    966M0 -250.0 250.0 -2000.0 0.1000 0 0 0    0.0 0.0 2166
Element: 162 0.0 0.0 0.0 0.0    964M0 -250.0 250.0 -2000.0 0.1000 0 0 0    0.0 0.0 2164
Element: 163 0.0 0.0 0.0 0.0    965M0 -250.0 250.0 -2000.0 0.1000 0 0 0    0.0 0.0 2165
Element: 164 0.0 0.0 0.0 0.0    983M0 -250.0 250.0 -2000.0 0.1000 0 0 0    0.0 0.0 2183
Element: 165 0.0 0.0 0.0 0.0    982M0 -250.0 250.0 -2000.0 0.1000 0 0 0    0.0 0.0 2182
Element: 166 0.0 0.0 0.0 0.0    980M0 -250.0 250.0 -2000.0 0.1000 0 0 0    0.0 0.0 2180
Element: 167 0.0 0.0 0.0 0.0    981M0 -250.0 250.0 -2000.0 0.1000 0 0 0    0.0 0.0 2181
Element: 168 0.0 0.0 0.0 0.0    971M0 -250.0 250.0 -2000.0 0.1000 0 0 0    0.0 0.0 2171
Element: 169 0.0 0.0 0.0 0.0    970M0 -250.0 250.0 -2000.0 0.1000 0 0 0    0.0 0.0 2170
Element: 170 0.0 0.0 0.0 0.0    968M0 -250.0 250.0 -2000.0 0.1000 0 0 0    0.0 0.0 2168
Element: 171 0.0 0.0 0.0 0.0    969M0 -250.0 250.0 -2000.0 0.1000 0 0 0    0.0 0.0 2169
Element: 172 0.0 0.0 0.0 0.0    987M0 -250.0 250.0 -2000.0 0.1000 0 0 0    0.0 0.0 2187
Element: 173 0.0 0.0 0.0 0.0    986M0 -250.0 250.0 -2000.0 0.1000 0 0 0    0.0 0.0 2186
Element: 174 0.0 0.0 0.0 0.0    984M0 -250.0 250.0 -2000.0 0.1000 0 0 0    0.0 0.0 2184
Element: 175 0.0 0.0 0.0 0.0    985M0 -250.0 250.0 -2000.0 0.1000 0 0 0    0.0 0.0 2185
Element: 176 0.0 0.0 0.0 0.0    975M0 -250.0 250.0 -2000.0 0.1000 0 0 0    0.0 0.0 2175
Element: 177 0.0 0.0 0.0 0.0    974M0 -250.0 250.0 -2000.0 0.1000 0 0 0    0.0 0.0 2174
Element: 178 0.0 0.0 0.0 0.0    972M0 -250.0 250.0 -2000.0 0.1000 0 0 0    0.0 0.0 2172
Element: 179 0.0 0.0 0.0 0.0    973M0 -250.0 250.0 -2000.0 0.1000 0 0 0    0.0 0.0 2173
Element: 180 0.0 0.0 0.0 0.0    991M0 -250.0 250.0 -2000.0 0.1000 0 0 0    0.0 0.0 2191
Element: 181 0.0 0.0 0.0 0.0    990M0 -250.0 250.0 -2000.0 0.1000 0 0 0    0.0 0.0 2190
Element: 182 0.0 0.0 0.0 0.0    988M0 -250.0 250.0 -2000.0 0.1000 0 0 0    0.0 0.0 2188
Element: 183 0.0 0.0 0.0 0.0    989M0 -250.0 250.0 -2000.0 0.1000 0 0 0    0.0 0.0 2189
##
## Section: 6, FPD Channels: 184 - 215  TDC Channels: 992 - 1023
##
Element: 184 0.0 0.0 0.0 0.0    995M0 -250.0 250.0 -2000.0 0.1000 0 0 0    0.0 0.0 2195
Element: 185 0.0 0.0 0.0 0.0    994M0 -250.0 250.0 -2000.0 0.1000 0 0 0    0.0 0.0 2194
Element: 186 0.0 0.0 0.0 0.0    992M0 -250.0 250.0 -2000.0 0.1000 0 0 0    0.0 0.0 2192
Element: 187 0.0 0.0 0.0 0.0    993M0 -250.0 250.0 -2000.0 0.1000 0 0 0    0.0 0.0 2193
Element: 188 0.0 0.0 0.0 0.0   1011M0 -250.0 250.0 -2000.0 0.1000 0 0 0    0.0 0.0 2211
Element: 189 0.0 0.0 0.0 0.0   1010M0 -250.0 250.0 -2000.0 0.1000 0 0 0    0.0 0.0 2210
Element: 190 0.0 0.0 0.0 0.0   1008M0 -250.0 250.0 -2000.0 0.1000 0 0 0    0.0 0.0 2208
Element: 191 0.0 0.0 0.0 0.0   1009M0 -250.0 250.0 -2000.0 0.1000 0 0 0    0.0 0.0 2209
Element: 192 0.0 0.0 0.0 0.0    999M0 -250.0 250.0 -2000.0 0.1000 0 0 0    0.0 0.0 2199
Element: 193 0.0 0.0 0.0 0.0    998M0 -250.0 250.0 -2000.0 0.1000 0 0 0    0.0 0.0 2198
Element: 194 0.0 0.0 0.0 0.0    996M0 -250.0 250.0 -2000.0 0.1000 0 0 0    0.0 0.0 2196
Element: 195 0.0 0.0 0.0 0.0    997M0 -250.0 250.0 -2000.0 0.1000 0 0 0    0.0 0.0 2197
Element: 196 0.0 0.0 0.0 0.0   1015M0 -250.0 250.0 -2000.0 0.1000 0 0 0    0.0 0.0 2215
Element: 197 0.0 0.0 0.0 0.0   1014M0 -250.0 250.0 -2000.0 0.1000 0 0 0    0.0 0.0 2214
Element: 198 0.0 0.0 0.0 0.0   1012M0 -250.0 250.0 -2000.0 0.1000 0 0 0    0.0 0.0 2212
Element: 199 0.0 0.0 0.0 0.0   1013M0 -250.0 250.0 -2000.0 0.1000 0 0 0    0.0 0.0 2213
Element: 200 0.0 0.0 0.0 0.0   1003M0 -250.0 250.0 -2000.0 0.1000 0 0 0    0.0 0.0 2203
Element: 201 0.0 0.0 0.0 0.0   1002M0 -250.0 250.0 -2000.0 0.1000 0 0 0    0.0 0.0 2202
Element: 202 0.0 0.0 0.0 0.0   1000M0 -250.0 250.0 -2000.0 0.1000 0 0 0    0.0 0.0 2200
Element: 203 0.0 0.0 0.0 0.0   1001M0 -250.0 250.0 -2000.0 0.1000 0 0 0    0.0 0.0 2201
Element: 204 0.0 0.0 0.0 0.0   1019M0 -250.0 250.0 -2000.0 0.1000 0 0 0    0.0 0.0 2219
Element: 205 0.0 0.0 0.0 0.0   1018M0 -250.0 250.0 -2000.0 0.1000 0 0 0    0.0 0.0 2218
Element: 206 0.0 0.0 0.0 0.0   1016M0 -250.0 250.0 -2000.0 0.1000 0 0 0    0.0 0.0 2216
Element: 207 0.0 0.0 0.0 0.0   1017M0 -250.0 250.0 -2000.0 0.1000 0 0 0    0.0 0.0 2217
Element: 208 0.0 0.0 0.0 0.0   1007M0 -250.0 250.0 -2000.0 0.1000 0 0 0    0.0 0.0 2207
Element: 209 0.0 0.0 0.0 0.0   1006M0 -250.0 250.0 -2000.0 0.1000 0 0 0    0.0 0.0 2206
Element: 210 0.0 0.0 0.0 0.0   1004M0 -250.0 250.0 -2000.0 0.1000 0 0 0    0.0 0.0 2204
Element: 211 0.0 0.0 0.0 0.0   1005M0 -250.0 250.0 -2000.0 0.1000 0 0 0    0.0 0.0 2205
Element: 212 0.0 0.0 0.0 0.0   1023M0 -250.0 250.0 -2000.0 0.1000 0 0 0    0.0 0.0 2223
Element: 213 0.0 0.0 0.0 0.0   1022M0 -250.0 250.0 -2000.0 0.1000 0 0 0    0.0 0.0 2222
Element: 214 0.0 0.0 0.0 0.0   1020M0 -250.0 250.0 -2000.0 0.1000 0 0 0    0.0 0.0 2220
Element: 215 0.0 0.0 0.0 0.0   1021M0 -250.0 250.0 -2000.0 0.1000 0 0 0    0.0 0.0 2221
##
## Section: 7, FPD Channels: 216 - 239  TDC Channels: 1024 - 1055
##
Element: 216 0.0 0.0 0.0 0.0   1027M0 -250.0 250.0 -2000.0 0.1000 0 0 0    0.0 0.0 2227
Element: 217 0.0 0.0 0.0 0.0   1026M0 -250.0 250.0 -2000.0 0.1000 0 0 0    0.0 0.0 2226
Element: 218 0.0 0.0 0.0 0.0   1024M0 -250.0 250.0 -2000.0 0.1000 0 0 0    0.0 0.0 2224
Element: 219 0.0 0.0 0.0 0.0   1025M0 -250.0 250.0 -2000.0 0.1000 0 0 0    0.0 0.0 2225
Element: 220 0.0 0.0 0.0 0.0   1043M0 -250.0 250.0 -2000.0 0.1000 0 0 0    0.0 0.0 2243
Element: 221 0.0 0.0 0.0 0.0   1042M0 -250.0 250.0 -2000.0 0.1000 0 0 0    0.0 0.0 2242
Element: 222 0.0 0.0 0.0 0.0   1040M0 -250.0 250.0 -2000.0 0.1000 0 0 0    0.0 0.0 2240
Element: 223 0.0 0.0 0.0 0.0   1041M0 -250.0 250.0 -2000.0 0.1000 0 0 0    0.0 0.0 2241
Element: 224 0.0 0.0 0.0 0.0   1031M0 -250.0 250.0 -2000.0 0.1000 0 0 0    0.0 0.0 2231
Element: 225 0.0 0.0 0.0 0.0   1030M0 -250.0 250.0 -2000.0 0.1000 0 0 0    0.0 0.0 2230
Element: 226 0.0 0.0 0.0 0.0   1028M0 -250.0 250.0 -2000.0 0.1000 0 0 0    0.0 0.0 2228
Element: 227 0.0 0.0 0.0 0.0   1029M0 -250.0 250.0 -2000.0 0.1000 0 0 0    0.0 0.0 2229
Element: 228 0.0 0.0 0.0 0.0   1047M0 -250.0 250.0 -2000.0 0.1000 0 0 0    0.0 0.0 2247
Element: 229 0.0 0.0 0.0 0.0   1046M0 -250.0 250.0 -2000.0 0.1000 0 0 0    0.0 0.0 2246
Element: 230 0.0 0.0 0.0 0.0   1044M0 -250.0 250.0 -2000.0 0.1000 0 0 0    0.0 0.0 2244
Element: 231 0.0 0.0 0.0 0.0   1045M0 -250.0 250.0 -2000.0 0.1000 0 0 0    0.0 0.0 2245
Element: 232 0.0 0.0 0.0 0.0   1035M0 -250.0 250.0 -2000.0 0.1000 0 0 0    0.0 0.0 2235
Element: 233 0.0 0.0 0.0 0.0   1034M0 -250.0 250.0 -2000.0 0.1000 0 0 0    0.0 0.0 2234
Element: 234 0.0 0.0 0.0 0.0   1032M0 -250.0 250.0 -2000.0 0.1000 0 0 0    0.0 0.0 2232
Element: 235 0.0 0.0 0.0 0.0   1033M0 -250.0 250.0 -2000.0 0.1000 0 0 0    0.0 0.0 2233
Element: 236 0.0 0.0 0.0 0.0   1051M0 -250.0 250.0 -2000.0 0.1000 0 0 0    0.0 0.0 2251
Element: 237 0.0 0.0 0.0 0.0   1050M0 -250.0 250.0 -2000.0 0.1000 0 0 0    0.0 0.0 2250
Element: 238 0.0 0.0 0.0 0.0   1048M0 -250.0 250.0 -2000.0 0.1000 0 0 0    0.0 0.0 2248
Element: 239 0.0 0.0 0.0 0.0   1049M0 -250.0 250.0 -2000.0 0.1000 0 0 0    0.0 0.0 2249
## Last 8 TDC channels reserved for reference TDC and misc. applications
Initialise: 
Display: 1D Nhits       32 0 32
Display: 1D NhitsPrompt 32 0 32
Display: 1D NhitsRand   32 0 32
Display: 1D Hits        240 0 240
Display: 1D HitsPrompt  240 0 240
Display: 1D HitsRand    240 0 240
Display: 1D TimeOR     1000 -250.0 250.0
#Display: 1D Time  1000 -250.0 250.0   0 240
Display: 1D Eelect   1000 0 0.0
Display: 1D ScalerCurr 240 0 240
Display: 1D ScalerAcc  240 0 240
Display: 1D Doubles  	240 0 240
Display: 1D NDoubles  	32 0 32
Display: 2D TimeOR   200 -250.0 250.0 -1 Hits 240 0 240 -1
Display: 2D TimeOR   200 -250.0 250.0 -1 Doubles 240 0 240 -1
