## Detector setup file for Ladder
########################################################################
##
##	#FP	Energy	Time	Pos
Size: 	240 	0 	1 	1
#
Multi-hit: 8
#
##	Scalers	Calib	Overlap	Micro	#trig	Toff	Tres
Misc:	1	1	0	0	0	0	0.0
##
Window: -10. 10. -50. -30. 
##
## N.B. No QDC information supplied
##
## Section: 0, FPD Channels: 0 - 31  TDC Channels: 800 - 831
##
Element:   0 0.0 0.0 0.0 0.0    819M0 -250.0 250.0 -4050.0 0.1000 0 0 0 1423.55 0.0 2871
Element:   1 0.0 0.0 0.0 0.0    802M0 -250.0 250.0 -4050.0 0.1000 0 0 0 1417.53 0.0 2868
Element:   2 0.0 0.0 0.0 0.0    803M0 -250.0 250.0 -4050.0 0.1000 0 0 0 1411.51 0.0 2870
Element:   3 0.0 0.0 0.0 0.0    818M0 -250.0 250.0 -4050.0 0.1000 0 0 0 1405.48 0.0 2869
Element:   4 0.0 0.0 0.0 0.0    817M0 -250.0 250.0 -4050.0 0.1000 0 0 0 1399.45 0.0 2867
Element:   5 0.0 0.0 0.0 0.0    800M0 -250.0 250.0 -4050.0 0.1000 0 0 0 1393.42 0.0 2864
Element:   6 0.0 0.0 0.0 0.0    801M0 -250.0 250.0 -4050.0 0.1000 0 0 0 1387.38 0.0 2866
Element:   7 0.0 0.0 0.0 0.0    816M0 -250.0 250.0 -4050.0 0.1000 0 0 0 1381.34 0.0 2865
Element:   8 0.0 0.0 0.0 0.0    823M0 -250.0 250.0 -4050.0 0.1000 0 0 0 1374.87 0.0 2879
Element:   9 0.0 0.0 0.0 0.0    806M0 -250.0 250.0 -4050.0 0.1000 0 0 0 1368.94 0.0 2876
Element:  10 0.0 0.0 0.0 0.0    807M0 -250.0 250.0 -4050.0 0.1000 0 0 0 1363.01 0.0 2878
Element:  11 0.0 0.0 0.0 0.0    822M0 -250.0 250.0 -4050.0 0.1000 0 0 0 1357.08 0.0 2877
Element:  12 0.0 0.0 0.0 0.0    821M0 -250.0 250.0 -4050.0 0.1000 0 0 0 1351.15 0.0 2875
Element:  13 0.0 0.0 0.0 0.0    804M0 -250.0 250.0 -4050.0 0.1000 0 0 0 1345.22 0.0 2872
Element:  14 0.0 0.0 0.0 0.0    805M0 -250.0 250.0 -4050.0 0.1000 0 0 0 1339.29 0.0 2874
Element:  15 0.0 0.0 0.0 0.0    820M0 -250.0 250.0 -4050.0 0.1000 0 0 0 1333.36 0.0 2873
Element:  16 0.0 0.0 0.0 0.0    827M0 -250.0 250.0 -4050.0 0.1000 0 0 0 1327.05 0.0 2887
Element:  17 0.0 0.0 0.0 0.0    810M0 -250.0 250.0 -4050.0 0.1000 0 0 0 1321.22 0.0 2884
Element:  18 0.0 0.0 0.0 0.0    811M0 -250.0 250.0 -4050.0 0.1000 0 0 0 1315.40 0.0 2886
Element:  19 0.0 0.0 0.0 0.0    826M0 -250.0 250.0 -4050.0 0.1000 0 0 0 1309.59 0.0 2885
Element:  20 0.0 0.0 0.0 0.0    825M0 -250.0 250.0 -4050.0 0.1000 0 0 0 1303.77 0.0 2883
Element:  21 0.0 0.0 0.0 0.0    808M0 -250.0 250.0 -4050.0 0.1000 0 0 0 1297.96 0.0 2880
Element:  22 0.0 0.0 0.0 0.0    809M0 -250.0 250.0 -4050.0 0.1000 0 0 0 1292.16 0.0 2882
Element:  23 0.0 0.0 0.0 0.0    824M0 -250.0 250.0 -4050.0 0.1000 0 0 0 1286.36 0.0 2881
Element:  24 0.0 0.0 0.0 0.0    831M0 -250.0 250.0 -4050.0 0.1000 0 0 0 1280.22 0.0 2895
Element:  25 0.0 0.0 0.0 0.0    814M0 -250.0 250.0 -4050.0 0.1000 0 0 0 1274.52 0.0 2892
Element:  26 0.0 0.0 0.0 0.0    815M0 -250.0 250.0 -4050.0 0.1000 0 0 0 1268.83 0.0 2894
Element:  27 0.0 0.0 0.0 0.0    830M0 -250.0 250.0 -4050.0 0.1000 0 0 0 1263.14 0.0 2893
Element:  28 0.0 0.0 0.0 0.0    829M0 -250.0 250.0 -4050.0 0.1000 0 0 0 1257.45 0.0 2891
Element:  29 0.0 0.0 0.0 0.0    812M0 -250.0 250.0 -4050.0 0.1000 0 0 0 1251.78 0.0 2888
Element:  30 0.0 0.0 0.0 0.0    813M0 -250.0 250.0 -4050.0 0.1000 0 0 0 1246.11 0.0 2890
Element:  31 0.0 0.0 0.0 0.0    828M0 -250.0 250.0 -4050.0 0.1000 0 0 0 1240.45 0.0 2889
##
## Section: 1, FPD Channels: 32 - 63  TDC Channels: 832 - 863
##
Element:  32 0.0 0.0 0.0 0.0    851M0 -250.0 250.0 -4050.0 0.1000 0 0 0 1234.50 0.0 2071
Element:  33 0.0 0.0 0.0 0.0    834M0 -250.0 250.0 -4050.0 0.1000 0 0 0 1228.93 0.0 2068
Element:  34 0.0 0.0 0.0 0.0    835M0 -250.0 250.0 -4050.0 0.1000 0 0 0 1223.37 0.0 2070
Element:  35 0.0 0.0 0.0 0.0    850M0 -250.0 250.0 -4050.0 0.1000 0 0 0 1217.82 0.0 2069
Element:  36 0.0 0.0 0.0 0.0    849M0 -250.0 250.0 -4050.0 0.1000 0 0 0 1212.28 0.0 2067
Element:  37 0.0 0.0 0.0 0.0    832M0 -250.0 250.0 -4050.0 0.1000 0 0 0 1206.75 0.0 2064
Element:  38 0.0 0.0 0.0 0.0    833M0 -250.0 250.0 -4050.0 0.1000 0 0 0 1201.22 0.0 2066
Element:  39 0.0 0.0 0.0 0.0    848M0 -250.0 250.0 -4050.0 0.1000 0 0 0 1195.71 0.0 2065
Element:  40 0.0 0.0 0.0 0.0    855M0 -250.0 250.0 -4050.0 0.1000 0 0 0 1189.96 0.0 2079
Element:  41 0.0 0.0 0.0 0.0    838M0 -250.0 250.0 -4050.0 0.1000 0 0 0 1184.53 0.0 2076
Element:  42 0.0 0.0 0.0 0.0    839M0 -250.0 250.0 -4050.0 0.1000 0 0 0 1179.11 0.0 2078
Element:  43 0.0 0.0 0.0 0.0    854M0 -250.0 250.0 -4050.0 0.1000 0 0 0 1173.71 0.0 2077
Element:  44 0.0 0.0 0.0 0.0    853M0 -250.0 250.0 -4050.0 0.1000 0 0 0 1168.31 0.0 2075
Element:  45 0.0 0.0 0.0 0.0    836M0 -250.0 250.0 -4050.0 0.1000 0 0 0 1162.93 0.0 2072
Element:  46 0.0 0.0 0.0 0.0    837M0 -250.0 250.0 -4050.0 0.1000 0 0 0 1157.55 0.0 2074
Element:  47 0.0 0.0 0.0 0.0    852M0 -250.0 250.0 -4050.0 0.1000 0 0 0 1152.19 0.0 2073
Element:  48 0.0 0.0 0.0 0.0    859M0 -250.0 250.0 -4050.0 0.1000 0 0 0 1146.64 0.0 2087
Element:  49 0.0 0.0 0.0 0.0    842M0 -250.0 250.0 -4050.0 0.1000 0 0 0 1141.36 0.0 2084
Element:  50 0.0 0.0 0.0 0.0    843M0 -250.0 250.0 -4050.0 0.1000 0 0 0 1136.09 0.0 2086
Element:  51 0.0 0.0 0.0 0.0    858M0 -250.0 250.0 -4050.0 0.1000 0 0 0 1130.83 0.0 2085
Element:  52 0.0 0.0 0.0 0.0    857M0 -250.0 250.0 -4050.0 0.1000 0 0 0 1125.59 0.0 2083
Element:  53 0.0 0.0 0.0 0.0    840M0 -250.0 250.0 -4050.0 0.1000 0 0 0 1120.35 0.0 2080
Element:  54 0.0 0.0 0.0 0.0    841M0 -250.0 250.0 -4050.0 0.1000 0 0 0 1115.14 0.0 2082
Element:  55 0.0 0.0 0.0 0.0    856M0 -250.0 250.0 -4050.0 0.1000 0 0 0 1109.93 0.0 2081
Element:  56 0.0 0.0 0.0 0.0    863M0 -250.0 250.0 -4050.0 0.1000 0 0 0 1104.58 0.0 2095
Element:  57 0.0 0.0 0.0 0.0    846M0 -250.0 250.0 -4050.0 0.1000 0 0 0 1099.45 0.0 2092
Element:  58 0.0 0.0 0.0 0.0    847M0 -250.0 250.0 -4050.0 0.1000 0 0 0 1094.33 0.0 2094
Element:  59 0.0 0.0 0.0 0.0    862M0 -250.0 250.0 -4050.0 0.1000 0 0 0 1089.22 0.0 2093
Element:  60 0.0 0.0 0.0 0.0    861M0 -250.0 250.0 -4050.0 0.1000 0 0 0 1084.13 0.0 2091
Element:  61 0.0 0.0 0.0 0.0    844M0 -250.0 250.0 -4050.0 0.1000 0 0 0 1079.05 0.0 2088
Element:  62 0.0 0.0 0.0 0.0    845M0 -250.0 250.0 -4050.0 0.1000 0 0 0 1073.98 0.0 2090
Element:  63 0.0 0.0 0.0 0.0    860M0 -250.0 250.0 -4050.0 0.1000 0 0 0 1068.93 0.0 2089
##
## Section: 2, FPD Channels: 64 - 95  TDC Channels: 864 - 895
##
Element:  64 0.0 0.0 0.0 0.0    883M0 -250.0 250.0 -4050.0 0.1000 0 0 0 1063.78 0.0 2583
Element:  65 0.0 0.0 0.0 0.0    866M0 -250.0 250.0 -4050.0 0.1000 0 0 0 1058.80 0.0 2580
Element:  66 0.0 0.0 0.0 0.0    867M0 -250.0 250.0 -4050.0 0.1000 0 0 0 1053.82 0.0 2582
Element:  67 0.0 0.0 0.0 0.0    882M0 -250.0 250.0 -4050.0 0.1000 0 0 0 1048.87 0.0 2581
Element:  68 0.0 0.0 0.0 0.0    881M0 -250.0 250.0 -4050.0 0.1000 0 0 0 1043.92 0.0 2579
Element:  69 0.0 0.0 0.0 0.0    864M0 -250.0 250.0 -4050.0 0.1000 0 0 0 1039.00 0.0 2576
Element:  70 0.0 0.0 0.0 0.0    865M0 -250.0 250.0 -4050.0 0.1000 0 0 0 1034.09 0.0 2578
Element:  71 0.0 0.0 0.0 0.0    880M0 -250.0 250.0 -4050.0 0.1000 0 0 0 1029.19 0.0 2577
Element:  72 0.0 0.0 0.0 0.0    887M0 -250.0 250.0 -4050.0 0.1000 0 0 0 1024.24 0.0 2591
Element:  73 0.0 0.0 0.0 0.0    870M0 -250.0 250.0 -4050.0 0.1000 0 0 0 1019.39 0.0 2588
Element:  74 0.0 0.0 0.0 0.0    871M0 -250.0 250.0 -4050.0 0.1000 0 0 0 1014.57 0.0 2590
Element:  75 0.0 0.0 0.0 0.0    886M0 -250.0 250.0 -4050.0 0.1000 0 0 0 1009.76 0.0 2589
Element:  76 0.0 0.0 0.0 0.0    885M0 -250.0 250.0 -4050.0 0.1000 0 0 0 1004.97 0.0 2587
Element:  77 0.0 0.0 0.0 0.0    868M0 -250.0 250.0 -4050.0 0.1000 0 0 0 1000.19 0.0 2584
Element:  78 0.0 0.0 0.0 0.0    869M0 -250.0 250.0 -4050.0 0.1000 0 0 0  995.43 0.0 2586
Element:  79 0.0 0.0 0.0 0.0    884M0 -250.0 250.0 -4050.0 0.1000 0 0 0  990.68 0.0 2585
Element:  80 0.0 0.0 0.0 0.0    891M0 -250.0 250.0 -4050.0 0.1000 0 0 0  985.92 0.0 2599
Element:  81 0.0 0.0 0.0 0.0    874M0 -250.0 250.0 -4050.0 0.1000 0 0 0  981.22 0.0 2596
Element:  82 0.0 0.0 0.0 0.0    875M0 -250.0 250.0 -4050.0 0.1000 0 0 0  976.54 0.0 2598
Element:  83 0.0 0.0 0.0 0.0    890M0 -250.0 250.0 -4050.0 0.1000 0 0 0  971.87 0.0 2597
Element:  84 0.0 0.0 0.0 0.0    889M0 -250.0 250.0 -4050.0 0.1000 0 0 0  967.23 0.0 2595
Element:  85 0.0 0.0 0.0 0.0    872M0 -250.0 250.0 -4050.0 0.1000 0 0 0  962.60 0.0 2592
Element:  86 0.0 0.0 0.0 0.0    873M0 -250.0 250.0 -4050.0 0.1000 0 0 0  957.98 0.0 2594
Element:  87 0.0 0.0 0.0 0.0    888M0 -250.0 250.0 -4050.0 0.1000 0 0 0  953.39 0.0 2593
Element:  88 0.0 0.0 0.0 0.0    895M0 -250.0 250.0 -4050.0 0.1000 0 0 0  948.80 0.0 2607
Element:  89 0.0 0.0 0.0 0.0    878M0 -250.0 250.0 -4050.0 0.1000 0 0 0  944.24 0.0 2604
Element:  90 0.0 0.0 0.0 0.0    879M0 -250.0 250.0 -4050.0 0.1000 0 0 0  939.70 0.0 2606
Element:  91 0.0 0.0 0.0 0.0    894M0 -250.0 250.0 -4050.0 0.1000 0 0 0  935.18 0.0 2605
Element:  92 0.0 0.0 0.0 0.0    893M0 -250.0 250.0 -4050.0 0.1000 0 0 0  930.67 0.0 2603
Element:  93 0.0 0.0 0.0 0.0    876M0 -250.0 250.0 -4050.0 0.1000 0 0 0  926.18 0.0 2600
Element:  94 0.0 0.0 0.0 0.0    877M0 -250.0 250.0 -4050.0 0.1000 0 0 0  921.71 0.0 2602
Element:  95 0.0 0.0 0.0 0.0    892M0 -250.0 250.0 -4050.0 0.1000 0 0 0  917.26 0.0 2601
##
## Section: 3, FPD Channels: 96 - 119  TDC Channels: 896 - 927
##
Element:  96 0.0 0.0 0.0 0.0    915M0 -250.0 250.0 -4050.0 0.1000 0 0 0  912.84 0.0 2295
Element:  97 0.0 0.0 0.0 0.0    898M0 -250.0 250.0 -4050.0 0.1000 0 0 0  908.42 0.0 2292
Element:  98 0.0 0.0 0.0 0.0    899M0 -250.0 250.0 -4050.0 0.1000 0 0 0  904.01 0.0 2294
Element:  99 0.0 0.0 0.0 0.0    914M0 -250.0 250.0 -4050.0 0.1000 0 0 0  899.63 0.0 2293
Element: 100 0.0 0.0 0.0 0.0    913M0 -250.0 250.0 -4050.0 0.1000 0 0 0  895.26 0.0 2291
Element: 101 0.0 0.0 0.0 0.0    896M0 -250.0 250.0 -4050.0 0.1000 0 0 0  890.91 0.0 2288
Element: 102 0.0 0.0 0.0 0.0    897M0 -250.0 250.0 -4050.0 0.1000 0 0 0  886.57 0.0 2290
Element: 103 0.0 0.0 0.0 0.0    912M0 -250.0 250.0 -4050.0 0.1000 0 0 0  882.26 0.0 2289
Element: 104 0.0 0.0 0.0 0.0    919M0 -250.0 250.0 -4050.0 0.1000 0 0 0  878.00 0.0 2303
Element: 105 0.0 0.0 0.0 0.0    902M0 -250.0 250.0 -4050.0 0.1000 0 0 0  873.71 0.0 2300
Element: 106 0.0 0.0 0.0 0.0    903M0 -250.0 250.0 -4050.0 0.1000 0 0 0  869.44 0.0 2302
Element: 107 0.0 0.0 0.0 0.0    918M0 -250.0 250.0 -4050.0 0.1000 0 0 0  865.19 0.0 2301
Element: 108 0.0 0.0 0.0 0.0    917M0 -250.0 250.0 -4050.0 0.1000 0 0 0  860.95 0.0 2299
Element: 109 0.0 0.0 0.0 0.0    900M0 -250.0 250.0 -4050.0 0.1000 0 0 0  856.73 0.0 2296
Element: 110 0.0 0.0 0.0 0.0    901M0 -250.0 250.0 -4050.0 0.1000 0 0 0  852.53 0.0 2298
Element: 111 0.0 0.0 0.0 0.0    916M0 -250.0 250.0 -4050.0 0.1000 0 0 0  848.35 0.0 2297
Element: 112 0.0 0.0 0.0 0.0    923M0 -250.0 250.0 -4050.0 0.1000 0 0 0  844.25 0.0 2311
Element: 113 0.0 0.0 0.0 0.0    906M0 -250.0 250.0 -4050.0 0.1000 0 0 0  840.09 0.0 2308
Element: 114 0.0 0.0 0.0 0.0    907M0 -250.0 250.0 -4050.0 0.1000 0 0 0  835.94 0.0 2310
Element: 115 0.0 0.0 0.0 0.0    922M0 -250.0 250.0 -4050.0 0.1000 0 0 0  831.81 0.0 2309
Element: 116 0.0 0.0 0.0 0.0    921M0 -250.0 250.0 -4050.0 0.1000 0 0 0  827.70 0.0 2307
Element: 117 0.0 0.0 0.0 0.0    904M0 -250.0 250.0 -4050.0 0.1000 0 0 0  823.61 0.0 2304
Element: 118 0.0 0.0 0.0 0.0    905M0 -250.0 250.0 -4050.0 0.1000 0 0 0  819.54 0.0 2306
Element: 119 0.0 0.0 0.0 0.0    920M0 -250.0 250.0 -4050.0 0.1000 0 0 0  815.48 0.0 2305
## Last 8 TDC channels reserved for reference TDC and misc. applications
##
## Section: 4, FPD Channels: 120 - 151  TDC Channels: 928 - 959
##
Element: 120 0.0 0.0 0.0 0.0    947M0 -250.0 250.0 -4050.0 0.1000 0 0 0  811.54 0.0 2007
Element: 121 0.0 0.0 0.0 0.0    930M0 -250.0 250.0 -4050.0 0.1000 0 0 0  807.50 0.0 2004
Element: 122 0.0 0.0 0.0 0.0    931M0 -250.0 250.0 -4050.0 0.1000 0 0 0  803.47 0.0 2006
Element: 123 0.0 0.0 0.0 0.0    946M0 -250.0 250.0 -4050.0 0.1000 0 0 0  799.46 0.0 2005
Element: 124 0.0 0.0 0.0 0.0    945M0 -250.0 250.0 -4050.0 0.1000 0 0 0  795.48 0.0 2003
Element: 125 0.0 0.0 0.0 0.0    928M0 -250.0 250.0 -4050.0 0.1000 0 0 0  791.51 0.0 2000
Element: 126 0.0 0.0 0.0 0.0    929M0 -250.0 250.0 -4050.0 0.1000 0 0 0  787.56 0.0 2002
Element: 127 0.0 0.0 0.0 0.0    944M0 -250.0 250.0 -4050.0 0.1000 0 0 0  783.62 0.0 2001
Element: 128 0.0 0.0 0.0 0.0    951M0 -250.0 250.0 -4050.0 0.1000 0 0 0  779.82 0.0 2015
Element: 129 0.0 0.0 0.0 0.0    934M0 -250.0 250.0 -4050.0 0.1000 0 0 0  775.90 0.0 2012
Element: 130 0.0 0.0 0.0 0.0    935M0 -250.0 250.0 -4050.0 0.1000 0 0 0  771.99 0.0 2014
Element: 131 0.0 0.0 0.0 0.0    950M0 -250.0 250.0 -4050.0 0.1000 0 0 0  768.10 0.0 2013
Element: 132 0.0 0.0 0.0 0.0    949M0 -250.0 250.0 -4050.0 0.1000 0 0 0  764.23 0.0 2011
Element: 133 0.0 0.0 0.0 0.0    932M0 -250.0 250.0 -4050.0 0.1000 0 0 0  760.38 0.0 2008
Element: 134 0.0 0.0 0.0 0.0    933M0 -250.0 250.0 -4050.0 0.1000 0 0 0  756.54 0.0 2010
Element: 135 0.0 0.0 0.0 0.0    948M0 -250.0 250.0 -4050.0 0.1000 0 0 0  752.73 0.0 2009
Element: 136 0.0 0.0 0.0 0.0    955M0 -250.0 250.0 -4050.0 0.1000 0 0 0  749.06 0.0 2023
Element: 137 0.0 0.0 0.0 0.0    938M0 -250.0 250.0 -4050.0 0.1000 0 0 0  745.25 0.0 2020
Element: 138 0.0 0.0 0.0 0.0    939M0 -250.0 250.0 -4050.0 0.1000 0 0 0  741.45 0.0 2022
Element: 139 0.0 0.0 0.0 0.0    954M0 -250.0 250.0 -4050.0 0.1000 0 0 0  737.68 0.0 2021
Element: 140 0.0 0.0 0.0 0.0    953M0 -250.0 250.0 -4050.0 0.1000 0 0 0  733.92 0.0 2019
Element: 141 0.0 0.0 0.0 0.0    936M0 -250.0 250.0 -4050.0 0.1000 0 0 0  730.18 0.0 2016
Element: 142 0.0 0.0 0.0 0.0    937M0 -250.0 250.0 -4050.0 0.1000 0 0 0  726.45 0.0 2018
Element: 143 0.0 0.0 0.0 0.0    952M0 -250.0 250.0 -4050.0 0.1000 0 0 0  722.75 0.0 2017
Element: 144 0.0 0.0 0.0 0.0    959M0 -250.0 250.0 -4050.0 0.1000 0 0 0  719.22 0.0 2031
Element: 145 0.0 0.0 0.0 0.0    942M0 -250.0 250.0 -4050.0 0.1000 0 0 0  715.51 0.0 2028
Element: 146 0.0 0.0 0.0 0.0    943M0 -250.0 250.0 -4050.0 0.1000 0 0 0  711.82 0.0 2030
Element: 147 0.0 0.0 0.0 0.0    958M0 -250.0 250.0 -4050.0 0.1000 0 0 0  708.15 0.0 2029
Element: 148 0.0 0.0 0.0 0.0    957M0 -250.0 250.0 -4050.0 0.1000 0 0 0  704.50 0.0 2027
Element: 149 0.0 0.0 0.0 0.0    940M0 -250.0 250.0 -4050.0 0.1000 0 0 0  700.87 0.0 2024
Element: 150 0.0 0.0 0.0 0.0    941M0 -250.0 250.0 -4050.0 0.1000 0 0 0  697.25 0.0 2026
Element: 151 0.0 0.0 0.0 0.0    956M0 -250.0 250.0 -4050.0 0.1000 0 0 0  693.66 0.0 2025
##
## Section: 5, FPD Channels: 152 - 183  TDC Channels: 960 - 991
##
Element: 152 0.0 0.0 0.0 0.0    979M0 -250.0 250.0 -4050.0 0.1000 0 0 0  690.25 0.0 2359
Element: 153 0.0 0.0 0.0 0.0    962M0 -250.0 250.0 -4050.0 0.1000 0 0 0  686.65 0.0 2356
Element: 154 0.0 0.0 0.0 0.0    963M0 -250.0 250.0 -4050.0 0.1000 0 0 0  683.06 0.0 2358
Element: 155 0.0 0.0 0.0 0.0    978M0 -250.0 250.0 -4050.0 0.1000 0 0 0  679.49 0.0 2357
Element: 156 0.0 0.0 0.0 0.0    977M0 -250.0 250.0 -4050.0 0.1000 0 0 0  675.94 0.0 2355
Element: 157 0.0 0.0 0.0 0.0    960M0 -250.0 250.0 -4050.0 0.1000 0 0 0  672.41 0.0 2352
Element: 158 0.0 0.0 0.0 0.0    961M0 -250.0 250.0 -4050.0 0.1000 0 0 0  668.90 0.0 2354
Element: 159 0.0 0.0 0.0 0.0    976M0 -250.0 250.0 -4050.0 0.1000 0 0 0  665.41 0.0 2353
Element: 160 0.0 0.0 0.0 0.0    983M0 -250.0 250.0 -4050.0 0.1000 0 0 0  662.12 0.0 2367
Element: 161 0.0 0.0 0.0 0.0    966M0 -250.0 250.0 -4050.0 0.1000 0 0 0  658.62 0.0 2364
Element: 162 0.0 0.0 0.0 0.0    967M0 -250.0 250.0 -4050.0 0.1000 0 0 0  655.13 0.0 2366
Element: 163 0.0 0.0 0.0 0.0    982M0 -250.0 250.0 -4050.0 0.1000 0 0 0  651.66 0.0 2365
Element: 164 0.0 0.0 0.0 0.0    981M0 -250.0 250.0 -4050.0 0.1000 0 0 0  648.21 0.0 2363
Element: 165 0.0 0.0 0.0 0.0    964M0 -250.0 250.0 -4050.0 0.1000 0 0 0  644.78 0.0 2360
Element: 166 0.0 0.0 0.0 0.0    965M0 -250.0 250.0 -4050.0 0.1000 0 0 0  641.37 0.0 2362
Element: 167 0.0 0.0 0.0 0.0    980M0 -250.0 250.0 -4050.0 0.1000 0 0 0  637.97 0.0 2361
Element: 168 0.0 0.0 0.0 0.0    987M0 -250.0 250.0 -4050.0 0.1000 0 0 0  634.80 0.0 2375
Element: 169 0.0 0.0 0.0 0.0    970M0 -250.0 250.0 -4050.0 0.1000 0 0 0  631.39 0.0 2372
Element: 170 0.0 0.0 0.0 0.0    971M0 -250.0 250.0 -4050.0 0.1000 0 0 0  628.00 0.0 2374
Element: 171 0.0 0.0 0.0 0.0    986M0 -250.0 250.0 -4050.0 0.1000 0 0 0  624.62 0.0 2373
Element: 172 0.0 0.0 0.0 0.0    985M0 -250.0 250.0 -4050.0 0.1000 0 0 0  621.27 0.0 2371
Element: 173 0.0 0.0 0.0 0.0    968M0 -250.0 250.0 -4050.0 0.1000 0 0 0  617.93 0.0 2368
Element: 174 0.0 0.0 0.0 0.0    969M0 -250.0 250.0 -4050.0 0.1000 0 0 0  614.61 0.0 2370
Element: 175 0.0 0.0 0.0 0.0    984M0 -250.0 250.0 -4050.0 0.1000 0 0 0  611.31 0.0 2369
Element: 176 0.0 0.0 0.0 0.0    991M0 -250.0 250.0 -4050.0 0.1000 0 0 0  608.25 0.0 2383
Element: 177 0.0 0.0 0.0 0.0    974M0 -250.0 250.0 -4050.0 0.1000 0 0 0  604.93 0.0 2380
Element: 178 0.0 0.0 0.0 0.0    975M0 -250.0 250.0 -4050.0 0.1000 0 0 0  601.63 0.0 2382
Element: 179 0.0 0.0 0.0 0.0    990M0 -250.0 250.0 -4050.0 0.1000 0 0 0  598.35 0.0 2381
Element: 180 0.0 0.0 0.0 0.0    989M0 -250.0 250.0 -4050.0 0.1000 0 0 0  595.08 0.0 2379
Element: 181 0.0 0.0 0.0 0.0    972M0 -250.0 250.0 -4050.0 0.1000 0 0 0  591.84 0.0 2376
Element: 182 0.0 0.0 0.0 0.0    973M0 -250.0 250.0 -4050.0 0.1000 0 0 0  588.61 0.0 2378
Element: 183 0.0 0.0 0.0 0.0    988M0 -250.0 250.0 -4050.0 0.1000 0 0 0  585.40 0.0 2377
##
## Section: 6, FPD Channels: 184 - 215  TDC Channels: 992 - 1023
##
Element: 184 0.0 0.0 0.0 0.0   1011M0 -250.0 250.0 -4050.0 0.1000 0 0 0  582.44 0.0 2647
Element: 185 0.0 0.0 0.0 0.0    994M0 -250.0 250.0 -4050.0 0.1000 0 0 0  579.21 0.0 2644
Element: 186 0.0 0.0 0.0 0.0    995M0 -250.0 250.0 -4050.0 0.1000 0 0 0  576.00 0.0 2646
Element: 187 0.0 0.0 0.0 0.0   1010M0 -250.0 250.0 -4050.0 0.1000 0 0 0  572.81 0.0 2645
Element: 188 0.0 0.0 0.0 0.0   1009M0 -250.0 250.0 -4050.0 0.1000 0 0 0  569.63 0.0 2643
Element: 189 0.0 0.0 0.0 0.0    992M0 -250.0 250.0 -4050.0 0.1000 0 0 0  566.47 0.0 2640
Element: 190 0.0 0.0 0.0 0.0    993M0 -250.0 250.0 -4050.0 0.1000 0 0 0  563.33 0.0 2642
Element: 191 0.0 0.0 0.0 0.0   1008M0 -250.0 250.0 -4050.0 0.1000 0 0 0  560.21 0.0 2641
Element: 192 0.0 0.0 0.0 0.0   1015M0 -250.0 250.0 -4050.0 0.1000 0 0 0  557.35 0.0 2655
Element: 193 0.0 0.0 0.0 0.0    998M0 -250.0 250.0 -4050.0 0.1000 0 0 0  554.21 0.0 2652
Element: 194 0.0 0.0 0.0 0.0    999M0 -250.0 250.0 -4050.0 0.1000 0 0 0  551.08 0.0 2654
Element: 195 0.0 0.0 0.0 0.0   1014M0 -250.0 250.0 -4050.0 0.1000 0 0 0  547.97 0.0 2653
Element: 196 0.0 0.0 0.0 0.0   1013M0 -250.0 250.0 -4050.0 0.1000 0 0 0  544.88 0.0 2651
Element: 197 0.0 0.0 0.0 0.0    996M0 -250.0 250.0 -4050.0 0.1000 0 0 0  541.81 0.0 2648
Element: 198 0.0 0.0 0.0 0.0    997M0 -250.0 250.0 -4050.0 0.1000 0 0 0  538.76 0.0 2650
Element: 199 0.0 0.0 0.0 0.0   1012M0 -250.0 250.0 -4050.0 0.1000 0 0 0  535.72 0.0 2649
Element: 200 0.0 0.0 0.0 0.0   1019M0 -250.0 250.0 -4050.0 0.1000 0 0 0  532.96 0.0 2663
Element: 201 0.0 0.0 0.0 0.0   1002M0 -250.0 250.0 -4050.0 0.1000 0 0 0  529.90 0.0 2660
Element: 202 0.0 0.0 0.0 0.0   1003M0 -250.0 250.0 -4050.0 0.1000 0 0 0  526.85 0.0 2662
Element: 203 0.0 0.0 0.0 0.0   1018M0 -250.0 250.0 -4050.0 0.1000 0 0 0  523.82 0.0 2661
Element: 204 0.0 0.0 0.0 0.0   1017M0 -250.0 250.0 -4050.0 0.1000 0 0 0  520.82 0.0 2659
Element: 205 0.0 0.0 0.0 0.0   1000M0 -250.0 250.0 -4050.0 0.1000 0 0 0  517.83 0.0 2656
Element: 206 0.0 0.0 0.0 0.0   1001M0 -250.0 250.0 -4050.0 0.1000 0 0 0  514.86 0.0 2658
Element: 207 0.0 0.0 0.0 0.0   1016M0 -250.0 250.0 -4050.0 0.1000 0 0 0  511.90 0.0 2657
Element: 208 0.0 0.0 0.0 0.0   1023M0 -250.0 250.0 -4050.0 0.1000 0 0 0  509.23 0.0 2671
Element: 209 0.0 0.0 0.0 0.0   1006M0 -250.0 250.0 -4050.0 0.1000 0 0 0  506.25 0.0 2668
Element: 210 0.0 0.0 0.0 0.0   1007M0 -250.0 250.0 -4050.0 0.1000 0 0 0  503.29 0.0 2670
Element: 211 0.0 0.0 0.0 0.0   1022M0 -250.0 250.0 -4050.0 0.1000 0 0 0  500.34 0.0 2669
Element: 212 0.0 0.0 0.0 0.0   1021M0 -250.0 250.0 -4050.0 0.1000 0 0 0  497.41 0.0 2667
Element: 213 0.0 0.0 0.0 0.0   1004M0 -250.0 250.0 -4050.0 0.1000 0 0 0  494.50 0.0 2664
Element: 214 0.0 0.0 0.0 0.0   1005M0 -250.0 250.0 -4050.0 0.1000 0 0 0  491.61 0.0 2666
Element: 215 0.0 0.0 0.0 0.0   1020M0 -250.0 250.0 -4050.0 0.1000 0 0 0  488.74 0.0 2665
##
## Section: 7, FPD Channels: 216 - 239  TDC Channels: 1024 - 1055
##
Element: 216 0.0 0.0 0.0 0.0   1043M0 -250.0 250.0 -4050.0 0.1000 0 0 0  486.16 0.0 2039
Element: 217 0.0 0.0 0.0 0.0   1026M0 -250.0 250.0 -4050.0 0.1000 0 0 0  483.25 0.0 2036
Element: 218 0.0 0.0 0.0 0.0   1027M0 -250.0 250.0 -4050.0 0.1000 0 0 0  480.37 0.0 2038
Element: 219 0.0 0.0 0.0 0.0   1042M0 -250.0 250.0 -4050.0 0.1000 0 0 0  477.50 0.0 2037
Element: 220 0.0 0.0 0.0 0.0   1041M0 -250.0 250.0 -4050.0 0.1000 0 0 0  474.65 0.0 2035
Element: 221 0.0 0.0 0.0 0.0   1024M0 -250.0 250.0 -4050.0 0.1000 0 0 0  471.82 0.0 2032
Element: 222 0.0 0.0 0.0 0.0   1025M0 -250.0 250.0 -4050.0 0.1000 0 0 0  469.01 0.0 2034
Element: 223 0.0 0.0 0.0 0.0   1040M0 -250.0 250.0 -4050.0 0.1000 0 0 0  466.21 0.0 2033
Element: 224 0.0 0.0 0.0 0.0   1047M0 -250.0 250.0 -4050.0 0.1000 0 0 0  463.72 0.0 2047
Element: 225 0.0 0.0 0.0 0.0   1030M0 -250.0 250.0 -4050.0 0.1000 0 0 0  460.89 0.0 2044
Element: 226 0.0 0.0 0.0 0.0   1031M0 -250.0 250.0 -4050.0 0.1000 0 0 0  458.08 0.0 2046
Element: 227 0.0 0.0 0.0 0.0   1046M0 -250.0 250.0 -4050.0 0.1000 0 0 0  455.29 0.0 2045
Element: 228 0.0 0.0 0.0 0.0   1045M0 -250.0 250.0 -4050.0 0.1000 0 0 0  452.52 0.0 2043
Element: 229 0.0 0.0 0.0 0.0   1028M0 -250.0 250.0 -4050.0 0.1000 0 0 0  449.76 0.0 2040
Element: 230 0.0 0.0 0.0 0.0   1029M0 -250.0 250.0 -4050.0 0.1000 0 0 0  447.02 0.0 2042
Element: 231 0.0 0.0 0.0 0.0   1044M0 -250.0 250.0 -4050.0 0.1000 0 0 0  444.31 0.0 2041
Element: 232 0.0 0.0 0.0 0.0   1051M0 -250.0 250.0 -4050.0 0.1000 0 0 0  441.90 0.0 2055
Element: 233 0.0 0.0 0.0 0.0   1034M0 -250.0 250.0 -4050.0 0.1000 0 0 0  439.14 0.0 2052
Element: 234 0.0 0.0 0.0 0.0   1035M0 -250.0 250.0 -4050.0 0.1000 0 0 0  436.41 0.0 2054
Element: 235 0.0 0.0 0.0 0.0   1050M0 -250.0 250.0 -4050.0 0.1000 0 0 0  433.69 0.0 2053
Element: 236 0.0 0.0 0.0 0.0   1049M0 -250.0 250.0 -4050.0 0.1000 0 0 0  430.99 0.0 2051
Element: 237 0.0 0.0 0.0 0.0   1032M0 -250.0 250.0 -4050.0 0.1000 0 0 0  428.31 0.0 2048
Element: 238 0.0 0.0 0.0 0.0   1033M0 -250.0 250.0 -4050.0 0.1000 0 0 0  425.65 0.0 2050
Element: 239 0.0 0.0 0.0 0.0   1048M0 -250.0 250.0 -4050.0 0.1000 0 0 0  423.01 0.0 2049
## Last 8 TDC channels reserved for reference TDC and misc. applications
Initialise: 
Display: 1D Nhits       32 0 32
Display: 1D NhitsPrompt 32 0 32
Display: 1D NhitsRand   32 0 32
Display: 1D Hits        240 0 240
Display: 1D HitsPrompt  240 0 240
Display: 1D HitsRand    240 0 240
Display: 1D TimeOR     1000 -250.0 250.0
#Display: 1D Time  1000 -250.0 250.0   0 240
Display: 1D Eelect   1000 0 0.0
Display: 1D ScalerCurr 240 0 240
Display: 1D ScalerAcc  240 0 240
Display: 1D Doubles  	240 0 240
Display: 1D NDoubles  	32 0 32
Display: 2D TimeOR   200 -250.0 250.0 -1 Hits 240 0 240 -1
Display: 2D TimeOR   200 -250.0 250.0 -1 Doubles 240 0 240 -1
