## Detector setup file for Ladder
########################################################################
##
##	#FP	Energy	Time	Pos
Size: 	240 	0 	1 	1
#
Multi-hit: 8
#
##	Scalers	Calib	Overlap	Micro	#trig	Toff	Tres
Misc:	1	1	0	0	0	0	0.0
##
Window:   -20. 20. -40. -20.
Window:   -20. 20.  20.  40.
##
## N.B. No QDC information supplied
##
Element:   0 0.0 0.0 0.0 0.0    849M0 -700.0 700.0 -6000.0 0.1000 0 0 0  164.57 0.0 2067
Element:   1 0.0 0.0 0.0 0.0    832M0 -700.0 700.0 -6000.0 0.1000 0 0 0  163.88 0.0 2064
Element:   2 0.0 0.0 0.0 0.0    833M0 -700.0 700.0 -6000.0 0.1000 0 0 0  163.18 0.0 2066
Element:   3 0.0 0.0 0.0 0.0    848M0 -700.0 700.0 -6000.0 0.1000 0 0 0  162.48 0.0 2065
Element:   4 0.0 0.0 0.0 0.0    817M0 -700.0 700.0 -6000.0 0.1000 0 0 0  161.79 0.0 2867
Element:   5 0.0 0.0 0.0 0.0    800M0 -700.0 700.0 -6000.0 0.1000 0 0 0  161.09 0.0 2864
Element:   6 0.0 0.0 0.0 0.0    801M0 -700.0 700.0 -6000.0 0.1000 0 0 0  160.39 0.0 2866
Element:   7 0.0 0.0 0.0 0.0    816M0 -700.0 700.0 -6000.0 0.1000 0 0 0  159.69 0.0 2865
Element:   8 0.0 0.0 0.0 0.0    977M0 -700.0 700.0 -6000.0 0.1000 0 0 0  158.94 0.0 2355
Element:   9 0.0 0.0 0.0 0.0    960M0 -700.0 700.0 -6000.0 0.1000 0 0 0  158.26 0.0 2352
Element:  10 0.0 0.0 0.0 0.0    961M0 -700.0 700.0 -6000.0 0.1000 0 0 0  157.57 0.0 2354
Element:  11 0.0 0.0 0.0 0.0    976M0 -700.0 700.0 -6000.0 0.1000 0 0 0  156.89 0.0 2353
Element:  12 0.0 0.0 0.0 0.0    945M0 -700.0 700.0 -6000.0 0.1000 0 0 0  156.20 0.0 2003
Element:  13 0.0 0.0 0.0 0.0    928M0 -700.0 700.0 -6000.0 0.1000 0 0 0  155.52 0.0 2000
Element:  14 0.0 0.0 0.0 0.0    929M0 -700.0 700.0 -6000.0 0.1000 0 0 0  154.83 0.0 2002
Element:  15 0.0 0.0 0.0 0.0    944M0 -700.0 700.0 -6000.0 0.1000 0 0 0  154.15 0.0 2001
Element:  16 0.0 0.0 0.0 0.0   1105M0 -700.0 700.0 -6000.0 0.1000 0 0 0  153.42 0.0 2611
Element:  17 0.0 0.0 0.0 0.0   1088M0 -700.0 700.0 -6000.0 0.1000 0 0 0  152.74 0.0 2608
Element:  18 0.0 0.0 0.0 0.0   1089M0 -700.0 700.0 -6000.0 0.1000 0 0 0  152.07 0.0 2610
Element:  19 0.0 0.0 0.0 0.0   1104M0 -700.0 700.0 -6000.0 0.1000 0 0 0  151.40 0.0 2609
Element:  20 0.0 0.0 0.0 0.0   1073M0 -700.0 700.0 -6000.0 0.1000 0 0 0  150.73 0.0 2323
Element:  21 0.0 0.0 0.0 0.0   1056M0 -700.0 700.0 -6000.0 0.1000 0 0 0  150.05 0.0 2320
Element:  22 0.0 0.0 0.0 0.0   1057M0 -700.0 700.0 -6000.0 0.1000 0 0 0  149.38 0.0 2322
Element:  23 0.0 0.0 0.0 0.0   1072M0 -700.0 700.0 -6000.0 0.1000 0 0 0  148.71 0.0 2321
Element:  24 0.0 0.0 0.0 0.0    913M0 -700.0 700.0 -6000.0 0.1000 0 0 0  148.00 0.0 2291
Element:  25 0.0 0.0 0.0 0.0    896M0 -700.0 700.0 -6000.0 0.1000 0 0 0  147.34 0.0 2288
Element:  26 0.0 0.0 0.0 0.0    897M0 -700.0 700.0 -6000.0 0.1000 0 0 0  146.69 0.0 2290
Element:  27 0.0 0.0 0.0 0.0    912M0 -700.0 700.0 -6000.0 0.1000 0 0 0  146.03 0.0 2289
Element:  28 0.0 0.0 0.0 0.0    881M0 -700.0 700.0 -6000.0 0.1000 0 0 0  145.37 0.0 2579
Element:  29 0.0 0.0 0.0 0.0    864M0 -700.0 700.0 -6000.0 0.1000 0 0 0  144.71 0.0 2576
Element:  30 0.0 0.0 0.0 0.0    865M0 -700.0 700.0 -6000.0 0.1000 0 0 0  144.06 0.0 2578
Element:  31 0.0 0.0 0.0 0.0    880M0 -700.0 700.0 -6000.0 0.1000 0 0 0  143.40 0.0 2577
Element:  32 0.0 0.0 0.0 0.0   1041M0 -700.0 700.0 -6000.0 0.1000 0 0 0  142.72 0.0 2035
Element:  33 0.0 0.0 0.0 0.0   1024M0 -700.0 700.0 -6000.0 0.1000 0 0 0  142.07 0.0 2032
Element:  34 0.0 0.0 0.0 0.0   1025M0 -700.0 700.0 -6000.0 0.1000 0 0 0  141.43 0.0 2034
Element:  35 0.0 0.0 0.0 0.0   1040M0 -700.0 700.0 -6000.0 0.1000 0 0 0  140.79 0.0 2033
Element:  36 0.0 0.0 0.0 0.0   1009M0 -700.0 700.0 -6000.0 0.1000 0 0 0  140.15 0.0 2643
Element:  37 0.0 0.0 0.0 0.0    992M0 -700.0 700.0 -6000.0 0.1000 0 0 0  139.51 0.0 2640
Element:  38 0.0 0.0 0.0 0.0    993M0 -700.0 700.0 -6000.0 0.1000 0 0 0  138.87 0.0 2642
Element:  39 0.0 0.0 0.0 0.0   1008M0 -700.0 700.0 -6000.0 0.1000 0 0 0  138.23 0.0 2641
Element:  40 0.0 0.0 0.0 0.0   1169M0 -700.0 700.0 -6000.0 0.1000 0 0 0  137.57 0.0 2931
Element:  41 0.0 0.0 0.0 0.0   1152M0 -700.0 700.0 -6000.0 0.1000 0 0 0  136.94 0.0 2928
Element:  42 0.0 0.0 0.0 0.0   1153M0 -700.0 700.0 -6000.0 0.1000 0 0 0  136.31 0.0 2930
Element:  43 0.0 0.0 0.0 0.0   1168M0 -700.0 700.0 -6000.0 0.1000 0 0 0  135.69 0.0 2929
Element:  44 0.0 0.0 0.0 0.0   1137M0 -700.0 700.0 -6000.0 0.1000 0 0 0  135.06 0.0 2899
Element:  45 0.0 0.0 0.0 0.0   1120M0 -700.0 700.0 -6000.0 0.1000 0 0 0  134.44 0.0 2896
Element:  46 0.0 0.0 0.0 0.0   1121M0 -700.0 700.0 -6000.0 0.1000 0 0 0  133.82 0.0 2898
Element:  47 0.0 0.0 0.0 0.0   1136M0 -700.0 700.0 -6000.0 0.1000 0 0 0  133.20 0.0 2897
Element:  48 0.0 0.0 0.0 0.0    851M0 -700.0 700.0 -6000.0 0.1000 0 0 0  132.56 0.0 2071
Element:  49 0.0 0.0 0.0 0.0    834M0 -700.0 700.0 -6000.0 0.1000 0 0 0  131.95 0.0 2068
Element:  50 0.0 0.0 0.0 0.0    835M0 -700.0 700.0 -6000.0 0.1000 0 0 0  131.34 0.0 2070
Element:  51 0.0 0.0 0.0 0.0    850M0 -700.0 700.0 -6000.0 0.1000 0 0 0  130.73 0.0 2069
Element:  52 0.0 0.0 0.0 0.0    819M0 -700.0 700.0 -6000.0 0.1000 0 0 0  130.13 0.0 2871
Element:  53 0.0 0.0 0.0 0.0    802M0 -700.0 700.0 -6000.0 0.1000 0 0 0  129.52 0.0 2868
Element:  54 0.0 0.0 0.0 0.0    803M0 -700.0 700.0 -6000.0 0.1000 0 0 0  128.92 0.0 2870
Element:  55 0.0 0.0 0.0 0.0    818M0 -700.0 700.0 -6000.0 0.1000 0 0 0  128.32 0.0 2869
Element:  56 0.0 0.0 0.0 0.0    979M0 -700.0 700.0 -6000.0 0.1000 0 0 0  127.70 0.0 2359
Element:  57 0.0 0.0 0.0 0.0    962M0 -700.0 700.0 -6000.0 0.1000 0 0 0  127.10 0.0 2356
Element:  58 0.0 0.0 0.0 0.0    963M0 -700.0 700.0 -6000.0 0.1000 0 0 0  126.51 0.0 2358
Element:  59 0.0 0.0 0.0 0.0    978M0 -700.0 700.0 -6000.0 0.1000 0 0 0  125.92 0.0 2357
Element:  60 0.0 0.0 0.0 0.0    947M0 -700.0 700.0 -6000.0 0.1000 0 0 0  125.33 0.0 2007
Element:  61 0.0 0.0 0.0 0.0    930M0 -700.0 700.0 -6000.0 0.1000 0 0 0  124.75 0.0 2004
Element:  62 0.0 0.0 0.0 0.0    931M0 -700.0 700.0 -6000.0 0.1000 0 0 0  124.16 0.0 2006
Element:  63 0.0 0.0 0.0 0.0    946M0 -700.0 700.0 -6000.0 0.1000 0 0 0  123.58 0.0 2005
Element:  64 0.0 0.0 0.0 0.0   1107M0 -700.0 700.0 -6000.0 0.1000 0 0 0  122.98 0.0 2615
Element:  65 0.0 0.0 0.0 0.0   1090M0 -700.0 700.0 -6000.0 0.1000 0 0 0  122.40 0.0 2612
Element:  66 0.0 0.0 0.0 0.0   1091M0 -700.0 700.0 -6000.0 0.1000 0 0 0  121.83 0.0 2614
Element:  67 0.0 0.0 0.0 0.0   1106M0 -700.0 700.0 -6000.0 0.1000 0 0 0  121.26 0.0 2613
Element:  68 0.0 0.0 0.0 0.0   1075M0 -700.0 700.0 -6000.0 0.1000 0 0 0  120.68 0.0 2327
Element:  69 0.0 0.0 0.0 0.0   1058M0 -700.0 700.0 -6000.0 0.1000 0 0 0  120.12 0.0 2324
Element:  70 0.0 0.0 0.0 0.0   1059M0 -700.0 700.0 -6000.0 0.1000 0 0 0  119.55 0.0 2326
Element:  71 0.0 0.0 0.0 0.0   1074M0 -700.0 700.0 -6000.0 0.1000 0 0 0  118.98 0.0 2325
Element:  72 0.0 0.0 0.0 0.0    915M0 -700.0 700.0 -6000.0 0.1000 0 0 0  118.41 0.0 2295
Element:  73 0.0 0.0 0.0 0.0    898M0 -700.0 700.0 -6000.0 0.1000 0 0 0  117.85 0.0 2292
Element:  74 0.0 0.0 0.0 0.0    899M0 -700.0 700.0 -6000.0 0.1000 0 0 0  117.29 0.0 2294
Element:  75 0.0 0.0 0.0 0.0    914M0 -700.0 700.0 -6000.0 0.1000 0 0 0  116.74 0.0 2293
Element:  76 0.0 0.0 0.0 0.0    883M0 -700.0 700.0 -6000.0 0.1000 0 0 0  116.18 0.0 2583
Element:  77 0.0 0.0 0.0 0.0    866M0 -700.0 700.0 -6000.0 0.1000 0 0 0  115.63 0.0 2580
Element:  78 0.0 0.0 0.0 0.0    867M0 -700.0 700.0 -6000.0 0.1000 0 0 0  115.08 0.0 2582
Element:  79 0.0 0.0 0.0 0.0    882M0 -700.0 700.0 -6000.0 0.1000 0 0 0  114.53 0.0 2581
Element:  80 0.0 0.0 0.0 0.0   1043M0 -700.0 700.0 -6000.0 0.1000 0 0 0  113.98 0.0 2039
Element:  81 0.0 0.0 0.0 0.0   1026M0 -700.0 700.0 -6000.0 0.1000 0 0 0  113.44 0.0 2036
Element:  82 0.0 0.0 0.0 0.0   1027M0 -700.0 700.0 -6000.0 0.1000 0 0 0  112.89 0.0 2038
Element:  83 0.0 0.0 0.0 0.0   1042M0 -700.0 700.0 -6000.0 0.1000 0 0 0  112.36 0.0 2037
Element:  84 0.0 0.0 0.0 0.0   1011M0 -700.0 700.0 -6000.0 0.1000 0 0 0  111.82 0.0 2647
Element:  85 0.0 0.0 0.0 0.0    994M0 -700.0 700.0 -6000.0 0.1000 0 0 0  111.28 0.0 2644
Element:  86 0.0 0.0 0.0 0.0    995M0 -700.0 700.0 -6000.0 0.1000 0 0 0  110.75 0.0 2646
Element:  87 0.0 0.0 0.0 0.0   1010M0 -700.0 700.0 -6000.0 0.1000 0 0 0  110.22 0.0 2645
Element:  88 0.0 0.0 0.0 0.0   1171M0 -700.0 700.0 -6000.0 0.1000 0 0 0  109.69 0.0 2935
Element:  89 0.0 0.0 0.0 0.0   1154M0 -700.0 700.0 -6000.0 0.1000 0 0 0  109.16 0.0 2932
Element:  90 0.0 0.0 0.0 0.0   1155M0 -700.0 700.0 -6000.0 0.1000 0 0 0  108.64 0.0 2934
Element:  91 0.0 0.0 0.0 0.0   1170M0 -700.0 700.0 -6000.0 0.1000 0 0 0  108.11 0.0 2933
Element:  92 0.0 0.0 0.0 0.0   1139M0 -700.0 700.0 -6000.0 0.1000 0 0 0  107.59 0.0 2903
Element:  93 0.0 0.0 0.0 0.0   1122M0 -700.0 700.0 -6000.0 0.1000 0 0 0  107.07 0.0 2900
Element:  94 0.0 0.0 0.0 0.0   1123M0 -700.0 700.0 -6000.0 0.1000 0 0 0  106.56 0.0 2902
Element:  95 0.0 0.0 0.0 0.0   1138M0 -700.0 700.0 -6000.0 0.1000 0 0 0  106.04 0.0 2901
Element:  96 0.0 0.0 0.0 0.0    853M0 -700.0 700.0 -6000.0 0.1000 0 0 0  105.53 0.0 2075
Element:  97 0.0 0.0 0.0 0.0    836M0 -700.0 700.0 -6000.0 0.1000 0 0 0  105.02 0.0 2072
Element:  98 0.0 0.0 0.0 0.0    837M0 -700.0 700.0 -6000.0 0.1000 0 0 0  104.51 0.0 2074
Element:  99 0.0 0.0 0.0 0.0    852M0 -700.0 700.0 -6000.0 0.1000 0 0 0  104.00 0.0 2073
Element: 100 0.0 0.0 0.0 0.0    821M0 -700.0 700.0 -6000.0 0.1000 0 0 0  103.50 0.0 2875
Element: 101 0.0 0.0 0.0 0.0    804M0 -700.0 700.0 -6000.0 0.1000 0 0 0  103.00 0.0 2872
Element: 102 0.0 0.0 0.0 0.0    805M0 -700.0 700.0 -6000.0 0.1000 0 0 0  102.49 0.0 2874
Element: 103 0.0 0.0 0.0 0.0    820M0 -700.0 700.0 -6000.0 0.1000 0 0 0  102.00 0.0 2873
Element: 104 0.0 0.0 0.0 0.0    981M0 -700.0 700.0 -6000.0 0.1000 0 0 0  101.50 0.0 2363
Element: 105 0.0 0.0 0.0 0.0    964M0 -700.0 700.0 -6000.0 0.1000 0 0 0  101.01 0.0 2360
Element: 106 0.0 0.0 0.0 0.0    965M0 -700.0 700.0 -6000.0 0.1000 0 0 0  100.51 0.0 2362
Element: 107 0.0 0.0 0.0 0.0    980M0 -700.0 700.0 -6000.0 0.1000 0 0 0  100.02 0.0 2361
Element: 108 0.0 0.0 0.0 0.0    949M0 -700.0 700.0 -6000.0 0.1000 0 0 0   99.53 0.0 2011
Element: 109 0.0 0.0 0.0 0.0    932M0 -700.0 700.0 -6000.0 0.1000 0 0 0   99.04 0.0 2008
Element: 110 0.0 0.0 0.0 0.0    933M0 -700.0 700.0 -6000.0 0.1000 0 0 0   98.56 0.0 2010
Element: 111 0.0 0.0 0.0 0.0    948M0 -700.0 700.0 -6000.0 0.1000 0 0 0   98.07 0.0 2009
Element: 112 0.0 0.0 0.0 0.0   1109M0 -700.0 700.0 -6000.0 0.1000 0 0 0   97.60 0.0 2619
Element: 113 0.0 0.0 0.0 0.0   1092M0 -700.0 700.0 -6000.0 0.1000 0 0 0   97.12 0.0 2616
Element: 114 0.0 0.0 0.0 0.0   1093M0 -700.0 700.0 -6000.0 0.1000 0 0 0   96.64 0.0 2618
Element: 115 0.0 0.0 0.0 0.0   1108M0 -700.0 700.0 -6000.0 0.1000 0 0 0   96.16 0.0 2617
Element: 116 0.0 0.0 0.0 0.0   1077M0 -700.0 700.0 -6000.0 0.1000 0 0 0   95.69 0.0 2331
Element: 117 0.0 0.0 0.0 0.0   1060M0 -700.0 700.0 -6000.0 0.1000 0 0 0   95.22 0.0 2328
Element: 118 0.0 0.0 0.0 0.0   1061M0 -700.0 700.0 -6000.0 0.1000 0 0 0   94.74 0.0 2330
Element: 119 0.0 0.0 0.0 0.0   1076M0 -700.0 700.0 -6000.0 0.1000 0 0 0   94.28 0.0 2329
Element: 120 0.0 0.0 0.0 0.0    917M0 -700.0 700.0 -6000.0 0.1000 0 0 0   93.82 0.0 2299
Element: 121 0.0 0.0 0.0 0.0    900M0 -700.0 700.0 -6000.0 0.1000 0 0 0   93.35 0.0 2296
Element: 122 0.0 0.0 0.0 0.0    901M0 -700.0 700.0 -6000.0 0.1000 0 0 0   92.89 0.0 2298
Element: 123 0.0 0.0 0.0 0.0    916M0 -700.0 700.0 -6000.0 0.1000 0 0 0   92.42 0.0 2297
Element: 124 0.0 0.0 0.0 0.0    885M0 -700.0 700.0 -6000.0 0.1000 0 0 0   91.96 0.0 2587
Element: 125 0.0 0.0 0.0 0.0    868M0 -700.0 700.0 -6000.0 0.1000 0 0 0   91.50 0.0 2584
Element: 126 0.0 0.0 0.0 0.0    869M0 -700.0 700.0 -6000.0 0.1000 0 0 0   91.05 0.0 2586
Element: 127 0.0 0.0 0.0 0.0    884M0 -700.0 700.0 -6000.0 0.1000 0 0 0   90.59 0.0 2585
Element: 128 0.0 0.0 0.0 0.0   1045M0 -700.0 700.0 -6000.0 0.1000 0 0 0   90.15 0.0 2043
Element: 129 0.0 0.0 0.0 0.0   1028M0 -700.0 700.0 -6000.0 0.1000 0 0 0   89.70 0.0 2040
Element: 130 0.0 0.0 0.0 0.0   1029M0 -700.0 700.0 -6000.0 0.1000 0 0 0   89.25 0.0 2042
Element: 131 0.0 0.0 0.0 0.0   1044M0 -700.0 700.0 -6000.0 0.1000 0 0 0   88.80 0.0 2041
Element: 132 0.0 0.0 0.0 0.0   1013M0 -700.0 700.0 -6000.0 0.1000 0 0 0   88.35 0.0 2651
Element: 133 0.0 0.0 0.0 0.0    996M0 -700.0 700.0 -6000.0 0.1000 0 0 0   87.90 0.0 2648
Element: 134 0.0 0.0 0.0 0.0    997M0 -700.0 700.0 -6000.0 0.1000 0 0 0   87.46 0.0 2650
Element: 135 0.0 0.0 0.0 0.0   1012M0 -700.0 700.0 -6000.0 0.1000 0 0 0   87.02 0.0 2649
Element: 136 0.0 0.0 0.0 0.0   1173M0 -700.0 700.0 -6000.0 0.1000 0 0 0   86.60 0.0 2939
Element: 137 0.0 0.0 0.0 0.0   1156M0 -700.0 700.0 -6000.0 0.1000 0 0 0   86.16 0.0 2936
Element: 138 0.0 0.0 0.0 0.0   1157M0 -700.0 700.0 -6000.0 0.1000 0 0 0   85.72 0.0 2938
Element: 139 0.0 0.0 0.0 0.0   1172M0 -700.0 700.0 -6000.0 0.1000 0 0 0   85.28 0.0 2937
Element: 140 0.0 0.0 0.0 0.0   1141M0 -700.0 700.0 -6000.0 0.1000 0 0 0   84.85 0.0 2907
Element: 141 0.0 0.0 0.0 0.0   1124M0 -700.0 700.0 -6000.0 0.1000 0 0 0   84.41 0.0 2904
Element: 142 0.0 0.0 0.0 0.0   1125M0 -700.0 700.0 -6000.0 0.1000 0 0 0   83.98 0.0 2906
Element: 143 0.0 0.0 0.0 0.0   1140M0 -700.0 700.0 -6000.0 0.1000 0 0 0   83.55 0.0 2905
Element: 144 0.0 0.0 0.0 0.0    855M0 -700.0 700.0 -6000.0 0.1000 0 0 0   83.15 0.0 2079
Element: 145 0.0 0.0 0.0 0.0    838M0 -700.0 700.0 -6000.0 0.1000 0 0 0   82.72 0.0 2076
Element: 146 0.0 0.0 0.0 0.0    839M0 -700.0 700.0 -6000.0 0.1000 0 0 0   82.29 0.0 2078
Element: 147 0.0 0.0 0.0 0.0    854M0 -700.0 700.0 -6000.0 0.1000 0 0 0   81.87 0.0 2077
Element: 148 0.0 0.0 0.0 0.0    823M0 -700.0 700.0 -6000.0 0.1000 0 0 0   81.45 0.0 2879
Element: 149 0.0 0.0 0.0 0.0    806M0 -700.0 700.0 -6000.0 0.1000 0 0 0   81.03 0.0 2876
Element: 150 0.0 0.0 0.0 0.0    807M0 -700.0 700.0 -6000.0 0.1000 0 0 0   80.61 0.0 2878
Element: 151 0.0 0.0 0.0 0.0    822M0 -700.0 700.0 -6000.0 0.1000 0 0 0   80.19 0.0 2877
Element: 152 0.0 0.0 0.0 0.0    983M0 -700.0 700.0 -6000.0 0.1000 0 0 0   79.80 0.0 2367
Element: 153 0.0 0.0 0.0 0.0    966M0 -700.0 700.0 -6000.0 0.1000 0 0 0   79.38 0.0 2364
Element: 154 0.0 0.0 0.0 0.0    967M0 -700.0 700.0 -6000.0 0.1000 0 0 0   78.97 0.0 2366
Element: 155 0.0 0.0 0.0 0.0    982M0 -700.0 700.0 -6000.0 0.1000 0 0 0   78.55 0.0 2365
Element: 156 0.0 0.0 0.0 0.0    951M0 -700.0 700.0 -6000.0 0.1000 0 0 0   78.14 0.0 2015
Element: 157 0.0 0.0 0.0 0.0    934M0 -700.0 700.0 -6000.0 0.1000 0 0 0   77.74 0.0 2012
Element: 158 0.0 0.0 0.0 0.0    935M0 -700.0 700.0 -6000.0 0.1000 0 0 0   77.33 0.0 2014
Element: 159 0.0 0.0 0.0 0.0    950M0 -700.0 700.0 -6000.0 0.1000 0 0 0   76.93 0.0 2013
Element: 160 0.0 0.0 0.0 0.0   1111M0 -700.0 700.0 -6000.0 0.1000 0 0 0   76.55 0.0 2623
Element: 161 0.0 0.0 0.0 0.0   1094M0 -700.0 700.0 -6000.0 0.1000 0 0 0   76.14 0.0 2620
Element: 162 0.0 0.0 0.0 0.0   1095M0 -700.0 700.0 -6000.0 0.1000 0 0 0   75.74 0.0 2622
Element: 163 0.0 0.0 0.0 0.0   1110M0 -700.0 700.0 -6000.0 0.1000 0 0 0   75.34 0.0 2621
Element: 164 0.0 0.0 0.0 0.0   1079M0 -700.0 700.0 -6000.0 0.1000 0 0 0   74.94 0.0 2335
Element: 165 0.0 0.0 0.0 0.0   1062M0 -700.0 700.0 -6000.0 0.1000 0 0 0   74.54 0.0 2332
Element: 166 0.0 0.0 0.0 0.0   1063M0 -700.0 700.0 -6000.0 0.1000 0 0 0   74.15 0.0 2334
Element: 167 0.0 0.0 0.0 0.0   1078M0 -700.0 700.0 -6000.0 0.1000 0 0 0   73.75 0.0 2333
Element: 168 0.0 0.0 0.0 0.0    919M0 -700.0 700.0 -6000.0 0.1000 0 0 0   73.39 0.0 2303
Element: 169 0.0 0.0 0.0 0.0    902M0 -700.0 700.0 -6000.0 0.1000 0 0 0   72.99 0.0 2300
Element: 170 0.0 0.0 0.0 0.0    903M0 -700.0 700.0 -6000.0 0.1000 0 0 0   72.60 0.0 2302
Element: 171 0.0 0.0 0.0 0.0    918M0 -700.0 700.0 -6000.0 0.1000 0 0 0   72.21 0.0 2301
Element: 172 0.0 0.0 0.0 0.0    887M0 -700.0 700.0 -6000.0 0.1000 0 0 0   71.82 0.0 2591
Element: 173 0.0 0.0 0.0 0.0    870M0 -700.0 700.0 -6000.0 0.1000 0 0 0   71.44 0.0 2588
Element: 174 0.0 0.0 0.0 0.0    871M0 -700.0 700.0 -6000.0 0.1000 0 0 0   71.05 0.0 2590
Element: 175 0.0 0.0 0.0 0.0    886M0 -700.0 700.0 -6000.0 0.1000 0 0 0   70.67 0.0 2589
Element: 176 0.0 0.0 0.0 0.0   1047M0 -700.0 700.0 -6000.0 0.1000 0 0 0   70.32 0.0 2047
Element: 177 0.0 0.0 0.0 0.0   1030M0 -700.0 700.0 -6000.0 0.1000 0 0 0   69.93 0.0 2044
Element: 178 0.0 0.0 0.0 0.0   1031M0 -700.0 700.0 -6000.0 0.1000 0 0 0   69.55 0.0 2046
Element: 179 0.0 0.0 0.0 0.0   1046M0 -700.0 700.0 -6000.0 0.1000 0 0 0   69.17 0.0 2045
Element: 180 0.0 0.0 0.0 0.0   1015M0 -700.0 700.0 -6000.0 0.1000 0 0 0   68.80 0.0 2655
Element: 181 0.0 0.0 0.0 0.0    998M0 -700.0 700.0 -6000.0 0.1000 0 0 0   68.42 0.0 2652
Element: 182 0.0 0.0 0.0 0.0    999M0 -700.0 700.0 -6000.0 0.1000 0 0 0   68.05 0.0 2654
Element: 183 0.0 0.0 0.0 0.0   1014M0 -700.0 700.0 -6000.0 0.1000 0 0 0   67.68 0.0 2653
Element: 184 0.0 0.0 0.0 0.0   1175M0 -700.0 700.0 -6000.0 0.1000 0 0 0   67.33 0.0 2943
Element: 185 0.0 0.0 0.0 0.0   1158M0 -700.0 700.0 -6000.0 0.1000 0 0 0   66.96 0.0 2940
Element: 186 0.0 0.0 0.0 0.0   1159M0 -700.0 700.0 -6000.0 0.1000 0 0 0   66.59 0.0 2942
Element: 187 0.0 0.0 0.0 0.0   1174M0 -700.0 700.0 -6000.0 0.1000 0 0 0   66.22 0.0 2941
Element: 188 0.0 0.0 0.0 0.0   1143M0 -700.0 700.0 -6000.0 0.1000 0 0 0   65.85 0.0 2911
Element: 189 0.0 0.0 0.0 0.0   1126M0 -700.0 700.0 -6000.0 0.1000 0 0 0   65.49 0.0 2908
Element: 190 0.0 0.0 0.0 0.0   1127M0 -700.0 700.0 -6000.0 0.1000 0 0 0   65.13 0.0 2910
Element: 191 0.0 0.0 0.0 0.0   1142M0 -700.0 700.0 -6000.0 0.1000 0 0 0   64.76 0.0 2909
Element: 192 0.0 0.0 0.0 0.0    857M0 -700.0 700.0 -6000.0 0.1000 0 0 0   64.43 0.0 2083
Element: 193 0.0 0.0 0.0 0.0    840M0 -700.0 700.0 -6000.0 0.1000 0 0 0   64.07 0.0 2080
Element: 194 0.0 0.0 0.0 0.0    841M0 -700.0 700.0 -6000.0 0.1000 0 0 0   63.71 0.0 2082
Element: 195 0.0 0.0 0.0 0.0    856M0 -700.0 700.0 -6000.0 0.1000 0 0 0   63.35 0.0 2081
Element: 196 0.0 0.0 0.0 0.0    825M0 -700.0 700.0 -6000.0 0.1000 0 0 0   62.99 0.0 2883
Element: 197 0.0 0.0 0.0 0.0    808M0 -700.0 700.0 -6000.0 0.1000 0 0 0   62.64 0.0 2880
Element: 198 0.0 0.0 0.0 0.0    809M0 -700.0 700.0 -6000.0 0.1000 0 0 0   62.28 0.0 2882
Element: 199 0.0 0.0 0.0 0.0    824M0 -700.0 700.0 -6000.0 0.1000 0 0 0   61.93 0.0 2881
Element: 200 0.0 0.0 0.0 0.0    985M0 -700.0 700.0 -6000.0 0.1000 0 0 0   61.61 0.0 2371
Element: 201 0.0 0.0 0.0 0.0    968M0 -700.0 700.0 -6000.0 0.1000 0 0 0   61.26 0.0 2368
Element: 202 0.0 0.0 0.0 0.0    969M0 -700.0 700.0 -6000.0 0.1000 0 0 0   60.91 0.0 2370
Element: 203 0.0 0.0 0.0 0.0    984M0 -700.0 700.0 -6000.0 0.1000 0 0 0   60.56 0.0 2369
Element: 204 0.0 0.0 0.0 0.0    953M0 -700.0 700.0 -6000.0 0.1000 0 0 0   60.21 0.0 2019
Element: 205 0.0 0.0 0.0 0.0    936M0 -700.0 700.0 -6000.0 0.1000 0 0 0   59.86 0.0 2016
Element: 206 0.0 0.0 0.0 0.0    937M0 -700.0 700.0 -6000.0 0.1000 0 0 0   59.52 0.0 2018
Element: 207 0.0 0.0 0.0 0.0    952M0 -700.0 700.0 -6000.0 0.1000 0 0 0   59.18 0.0 2017
Element: 208 0.0 0.0 0.0 0.0   1113M0 -700.0 700.0 -6000.0 0.1000 0 0 0   58.87 0.0 2627
Element: 209 0.0 0.0 0.0 0.0   1096M0 -700.0 700.0 -6000.0 0.1000 0 0 0   58.53 0.0 2624
Element: 210 0.0 0.0 0.0 0.0   1097M0 -700.0 700.0 -6000.0 0.1000 0 0 0   58.18 0.0 2626
Element: 211 0.0 0.0 0.0 0.0   1112M0 -700.0 700.0 -6000.0 0.1000 0 0 0   57.84 0.0 2625
Element: 212 0.0 0.0 0.0 0.0   1081M0 -700.0 700.0 -6000.0 0.1000 0 0 0   57.50 0.0 2339
Element: 213 0.0 0.0 0.0 0.0   1064M0 -700.0 700.0 -6000.0 0.1000 0 0 0   57.17 0.0 2336
Element: 214 0.0 0.0 0.0 0.0   1065M0 -700.0 700.0 -6000.0 0.1000 0 0 0   56.83 0.0 2338
Element: 215 0.0 0.0 0.0 0.0   1080M0 -700.0 700.0 -6000.0 0.1000 0 0 0   56.50 0.0 2337
Element: 216 0.0 0.0 0.0 0.0    921M0 -700.0 700.0 -6000.0 0.1000 0 0 0   56.20 0.0 2307
Element: 217 0.0 0.0 0.0 0.0    904M0 -700.0 700.0 -6000.0 0.1000 0 0 0   55.87 0.0 2304
Element: 218 0.0 0.0 0.0 0.0    905M0 -700.0 700.0 -6000.0 0.1000 0 0 0   55.53 0.0 2306
Element: 219 0.0 0.0 0.0 0.0    920M0 -700.0 700.0 -6000.0 0.1000 0 0 0   55.20 0.0 2305
Element: 220 0.0 0.0 0.0 0.0    889M0 -700.0 700.0 -6000.0 0.1000 0 0 0   54.87 0.0 2595
Element: 221 0.0 0.0 0.0 0.0    872M0 -700.0 700.0 -6000.0 0.1000 0 0 0   54.55 0.0 2592
Element: 222 0.0 0.0 0.0 0.0    873M0 -700.0 700.0 -6000.0 0.1000 0 0 0   54.22 0.0 2594
Element: 223 0.0 0.0 0.0 0.0    888M0 -700.0 700.0 -6000.0 0.1000 0 0 0   53.90 0.0 2593
Element: 224 0.0 0.0 0.0 0.0   1049M0 -700.0 700.0 -6000.0 0.1000 0 0 0   53.61 0.0 2051
Element: 225 0.0 0.0 0.0 0.0   1032M0 -700.0 700.0 -6000.0 0.1000 0 0 0   53.28 0.0 2048
Element: 226 0.0 0.0 0.0 0.0   1033M0 -700.0 700.0 -6000.0 0.1000 0 0 0   52.96 0.0 2050
Element: 227 0.0 0.0 0.0 0.0   1048M0 -700.0 700.0 -6000.0 0.1000 0 0 0   52.63 0.0 2049
Element: 228 0.0 0.0 0.0 0.0   1017M0 -700.0 700.0 -6000.0 0.1000 0 0 0   52.31 0.0 2659
Element: 229 0.0 0.0 0.0 0.0   1000M0 -700.0 700.0 -6000.0 0.1000 0 0 0   52.00 0.0 2656
Element: 230 0.0 0.0 0.0 0.0   1001M0 -700.0 700.0 -6000.0 0.1000 0 0 0   51.68 0.0 2658
Element: 231 0.0 0.0 0.0 0.0   1016M0 -700.0 700.0 -6000.0 0.1000 0 0 0   51.36 0.0 2657
Element: 232 0.0 0.0 0.0 0.0   1177M0 -700.0 700.0 -6000.0 0.1000 0 0 0   51.09 0.0 2947
Element: 233 0.0 0.0 0.0 0.0   1160M0 -700.0 700.0 -6000.0 0.1000 0 0 0   50.77 0.0 2944
Element: 234 0.0 0.0 0.0 0.0   1161M0 -700.0 700.0 -6000.0 0.1000 0 0 0   50.45 0.0 2946
Element: 235 0.0 0.0 0.0 0.0   1176M0 -700.0 700.0 -6000.0 0.1000 0 0 0   50.14 0.0 2945
Element: 236 0.0 0.0 0.0 0.0   1145M0 -700.0 700.0 -6000.0 0.1000 0 0 0   49.83 0.0 2915
Element: 237 0.0 0.0 0.0 0.0   1128M0 -700.0 700.0 -6000.0 0.1000 0 0 0   49.52 0.0 2912
Element: 238 0.0 0.0 0.0 0.0   1129M0 -700.0 700.0 -6000.0 0.1000 0 0 0   49.21 0.0 2914
Element: 239 0.0 0.0 0.0 0.0   1144M0 -700.0 700.0 -6000.0 0.1000 0 0 0   48.90 0.0 2913
##
Initialise: 
Display: 1D Nhits       32 0 32
Display: 1D NhitsPrompt 32 0 32
Display: 1D NhitsRand   32 0 32
Display: 1D Hits        240 0 240
Display: 1D HitsPrompt  240 0 240
Display: 1D HitsRand    240 0 240
Display: 1D TimeOR     1000 -250.0 250.0
#Display: 1D Time  1000 -250.0 250.0   0 240
Display: 1D Eelect   1000 0 0.0
Display: 1D ScalerCurr 240 0 240
Display: 1D ScalerAcc  240 0 240
Display: 1D Doubles  	240 0 240
Display: 1D NDoubles  	32 0 32
Display: 2D TimeOR   200 -250.0 250.0 -1 Hits 240 0 240 -1
Display: 2D TimeOR   200 -250.0 250.0 -1 Doubles 240 0 240 -1
