## Detector setup file for new FPD
########################################################################
##
##	#FP	Energy	Time	Pos
Size: 	328 	0 	1 	1
#RawHits:
#
Multi-hit: 8
#
##	Scalers	Calib	Overlap	Micro	#trig	Toff	Tres
Misc:	1	1	0	0	0	0.0	0.0
##
Window:   -20. 20. -40. -20.
Window:   -20. 20.  20.  40.
##
## N.B. No QDC information supplied
##
Element:   0 0.0 0.0 0.0 0.0    849M0 -700.0 700.0 -6000.0 0.1000 0 0 0 1481.8 0.0 2067
Element:   1 0.0 0.0 0.0 0.0    832M0 -700.0 700.0 -6000.0 0.1000 0 0 0 1475.5 0.0 2064
Element:   2 0.0 0.0 0.0 0.0    833M0 -700.0 700.0 -6000.0 0.1000 0 0 0 1469.2 0.0 2066
Element:   3 0.0 0.0 0.0 0.0    848M0 -700.0 700.0 -6000.0 0.1000 0 0 0 1463.0 0.0 2065
Element:   4 0.0 0.0 0.0 0.0    817M0 -700.0 700.0 -6000.0 0.1000 0 0 0 1456.7 0.0 2867
Element:   5 0.0 0.0 0.0 0.0    800M0 -700.0 700.0 -6000.0 0.1000 0 0 0 1450.4 0.0 2864
Element:   6 0.0 0.0 0.0 0.0    801M0 -700.0 700.0 -6000.0 0.1000 0 0 0 1444.1 0.0 2866
Element:   7 0.0 0.0 0.0 0.0    816M0 -700.0 700.0 -6000.0 0.1000 0 0 0 1437.8 0.0 2865
Element:   8 0.0 0.0 0.0 0.0    977M0 -700.0 700.0 -6000.0 0.1000 0 0 0 1431.1 0.0 2355
Element:   9 0.0 0.0 0.0 0.0    960M0 -700.0 700.0 -6000.0 0.1000 0 0 0 1424.9 0.0 2352
Element:  10 0.0 0.0 0.0 0.0    961M0 -700.0 700.0 -6000.0 0.1000 0 0 0 1418.7 0.0 2354
Element:  11 0.0 0.0 0.0 0.0    976M0 -700.0 700.0 -6000.0 0.1000 0 0 0 1412.6 0.0 2353
Element:  12 0.0 0.0 0.0 0.0    945M0 -700.0 700.0 -6000.0 0.1000 0 0 0 1406.4 0.0 2003
Element:  13 0.0 0.0 0.0 0.0    928M0 -700.0 700.0 -6000.0 0.1000 0 0 0 1400.2 0.0 2000
Element:  14 0.0 0.0 0.0 0.0    929M0 -700.0 700.0 -6000.0 0.1000 0 0 0 1394.0 0.0 2002
Element:  15 0.0 0.0 0.0 0.0    944M0 -700.0 700.0 -6000.0 0.1000 0 0 0 1387.9 0.0 2001
Element:  16 0.0 0.0 0.0 0.0   1105M0 -700.0 700.0 -6000.0 0.1000 0 0 0 1381.3 0.0 2611
Element:  17 0.0 0.0 0.0 0.0   1088M0 -700.0 700.0 -6000.0 0.1000 0 0 0 1375.2 0.0 2608
Element:  18 0.0 0.0 0.0 0.0   1089M0 -700.0 700.0 -6000.0 0.1000 0 0 0 1369.2 0.0 2610
Element:  19 0.0 0.0 0.0 0.0   1104M0 -700.0 700.0 -6000.0 0.1000 0 0 0 1363.1 0.0 2609
Element:  20 0.0 0.0 0.0 0.0   1073M0 -700.0 700.0 -6000.0 0.1000 0 0 0 1357.1 0.0 2323
Element:  21 0.0 0.0 0.0 0.0   1056M0 -700.0 700.0 -6000.0 0.1000 0 0 0 1351.0 0.0 2320
Element:  22 0.0 0.0 0.0 0.0   1057M0 -700.0 700.0 -6000.0 0.1000 0 0 0 1345.0 0.0 2322
Element:  23 0.0 0.0 0.0 0.0   1072M0 -700.0 700.0 -6000.0 0.1000 0 0 0 1339.0 0.0 2321
Element:  24 0.0 0.0 0.0 0.0    913M0 -700.0 700.0 -6000.0 0.1000 0 0 0 1332.6 0.0 2291
Element:  25 0.0 0.0 0.0 0.0    896M0 -700.0 700.0 -6000.0 0.1000 0 0 0 1326.6 0.0 2288
Element:  26 0.0 0.0 0.0 0.0    897M0 -700.0 700.0 -6000.0 0.1000 0 0 0 1320.7 0.0 2290
Element:  27 0.0 0.0 0.0 0.0    912M0 -700.0 700.0 -6000.0 0.1000 0 0 0 1314.8 0.0 2289
Element:  28 0.0 0.0 0.0 0.0    881M0 -700.0 700.0 -6000.0 0.1000 0 0 0 1308.9 0.0 2579
Element:  29 0.0 0.0 0.0 0.0    864M0 -700.0 700.0 -6000.0 0.1000 0 0 0 1303.0 0.0 2576
Element:  30 0.0 0.0 0.0 0.0    865M0 -700.0 700.0 -6000.0 0.1000 0 0 0 1297.1 0.0 2578
Element:  31 0.0 0.0 0.0 0.0    880M0 -700.0 700.0 -6000.0 0.1000 0 0 0 1291.2 0.0 2577
Element:  32 0.0 0.0 0.0 0.0   1041M0 -700.0 700.0 -6000.0 0.1000 0 0 0 1285.0 0.0 2035
Element:  33 0.0 0.0 0.0 0.0   1024M0 -700.0 700.0 -6000.0 0.1000 0 0 0 1279.2 0.0 2032
Element:  34 0.0 0.0 0.0 0.0   1025M0 -700.0 700.0 -6000.0 0.1000 0 0 0 1273.4 0.0 2034
Element:  35 0.0 0.0 0.0 0.0   1040M0 -700.0 700.0 -6000.0 0.1000 0 0 0 1267.6 0.0 2033
Element:  36 0.0 0.0 0.0 0.0   1009M0 -700.0 700.0 -6000.0 0.1000 0 0 0 1261.8 0.0 2643
Element:  37 0.0 0.0 0.0 0.0    992M0 -700.0 700.0 -6000.0 0.1000 0 0 0 1256.1 0.0 2640
Element:  38 0.0 0.0 0.0 0.0    993M0 -700.0 700.0 -6000.0 0.1000 0 0 0 1250.3 0.0 2642
Element:  39 0.0 0.0 0.0 0.0   1008M0 -700.0 700.0 -6000.0 0.1000 0 0 0 1244.6 0.0 2641
Element:  40 0.0 0.0 0.0 0.0   1169M0 -700.0 700.0 -6000.0 0.1000 0 0 0 1238.6 0.0 2931
Element:  41 0.0 0.0 0.0 0.0   1152M0 -700.0 700.0 -6000.0 0.1000 0 0 0 1233.0 0.0 2928
Element:  42 0.0 0.0 0.0 0.0   1153M0 -700.0 700.0 -6000.0 0.1000 0 0 0 1227.3 0.0 2930
Element:  43 0.0 0.0 0.0 0.0   1168M0 -700.0 700.0 -6000.0 0.1000 0 0 0 1221.7 0.0 2929
Element:  44 0.0 0.0 0.0 0.0   1137M0 -700.0 700.0 -6000.0 0.1000 0 0 0 1216.1 0.0 2899
Element:  45 0.0 0.0 0.0 0.0   1120M0 -700.0 700.0 -6000.0 0.1000 0 0 0 1210.5 0.0 2896
Element:  46 0.0 0.0 0.0 0.0   1121M0 -700.0 700.0 -6000.0 0.1000 0 0 0 1204.9 0.0 2898
Element:  47 0.0 0.0 0.0 0.0   1136M0 -700.0 700.0 -6000.0 0.1000 0 0 0 1199.3 0.0 2897
Element:  48 0.0 0.0 0.0 0.0    851M0 -700.0 700.0 -6000.0 0.1000 0 0 0 1193.5 0.0 2071
Element:  49 0.0 0.0 0.0 0.0    834M0 -700.0 700.0 -6000.0 0.1000 0 0 0 1188.0 0.0 2068
Element:  50 0.0 0.0 0.0 0.0    835M0 -700.0 700.0 -6000.0 0.1000 0 0 0 1182.5 0.0 2070
Element:  51 0.0 0.0 0.0 0.0    850M0 -700.0 700.0 -6000.0 0.1000 0 0 0 1177.1 0.0 2069
Element:  52 0.0 0.0 0.0 0.0    819M0 -700.0 700.0 -6000.0 0.1000 0 0 0 1171.6 0.0 2871
Element:  53 0.0 0.0 0.0 0.0    802M0 -700.0 700.0 -6000.0 0.1000 0 0 0 1166.2 0.0 2868
Element:  54 0.0 0.0 0.0 0.0    803M0 -700.0 700.0 -6000.0 0.1000 0 0 0 1160.7 0.0 2870
Element:  55 0.0 0.0 0.0 0.0    818M0 -700.0 700.0 -6000.0 0.1000 0 0 0 1155.3 0.0 2869
Element:  56 0.0 0.0 0.0 0.0    979M0 -700.0 700.0 -6000.0 0.1000 0 0 0 1149.8 0.0 2359
Element:  57 0.0 0.0 0.0 0.0    962M0 -700.0 700.0 -6000.0 0.1000 0 0 0 1144.4 0.0 2356
Element:  58 0.0 0.0 0.0 0.0    963M0 -700.0 700.0 -6000.0 0.1000 0 0 0 1139.1 0.0 2358
Element:  59 0.0 0.0 0.0 0.0    978M0 -700.0 700.0 -6000.0 0.1000 0 0 0 1133.8 0.0 2357
Element:  60 0.0 0.0 0.0 0.0    947M0 -700.0 700.0 -6000.0 0.1000 0 0 0 1128.5 0.0 2007
Element:  61 0.0 0.0 0.0 0.0    930M0 -700.0 700.0 -6000.0 0.1000 0 0 0 1123.2 0.0 2004
Element:  62 0.0 0.0 0.0 0.0    931M0 -700.0 700.0 -6000.0 0.1000 0 0 0 1117.9 0.0 2006
Element:  63 0.0 0.0 0.0 0.0    946M0 -700.0 700.0 -6000.0 0.1000 0 0 0 1112.6 0.0 2005
Element:  64 0.0 0.0 0.0 0.0   1107M0 -700.0 700.0 -6000.0 0.1000 0 0 0 1107.3 0.0 2615
Element:  65 0.0 0.0 0.0 0.0   1090M0 -700.0 700.0 -6000.0 0.1000 0 0 0 1102.1 0.0 2612
Element:  66 0.0 0.0 0.0 0.0   1091M0 -700.0 700.0 -6000.0 0.1000 0 0 0 1096.9 0.0 2614
Element:  67 0.0 0.0 0.0 0.0   1106M0 -700.0 700.0 -6000.0 0.1000 0 0 0 1091.8 0.0 2613
Element:  68 0.0 0.0 0.0 0.0   1075M0 -700.0 700.0 -6000.0 0.1000 0 0 0 1086.6 0.0 2327
Element:  69 0.0 0.0 0.0 0.0   1058M0 -700.0 700.0 -6000.0 0.1000 0 0 0 1081.5 0.0 2324
Element:  70 0.0 0.0 0.0 0.0   1059M0 -700.0 700.0 -6000.0 0.1000 0 0 0 1076.4 0.0 2326
Element:  71 0.0 0.0 0.0 0.0   1074M0 -700.0 700.0 -6000.0 0.1000 0 0 0 1071.3 0.0 2325
Element:  72 0.0 0.0 0.0 0.0    915M0 -700.0 700.0 -6000.0 0.1000 0 0 0 1066.1 0.0 2295
Element:  73 0.0 0.0 0.0 0.0    898M0 -700.0 700.0 -6000.0 0.1000 0 0 0 1061.1 0.0 2292
Element:  74 0.0 0.0 0.0 0.0    899M0 -700.0 700.0 -6000.0 0.1000 0 0 0 1056.1 0.0 2294
Element:  75 0.0 0.0 0.0 0.0    914M0 -700.0 700.0 -6000.0 0.1000 0 0 0 1051.0 0.0 2293
Element:  76 0.0 0.0 0.0 0.0    883M0 -700.0 700.0 -6000.0 0.1000 0 0 0 1046.1 0.0 2583
Element:  77 0.0 0.0 0.0 0.0    866M0 -700.0 700.0 -6000.0 0.1000 0 0 0 1041.1 0.0 2580
Element:  78 0.0 0.0 0.0 0.0    867M0 -700.0 700.0 -6000.0 0.1000 0 0 0 1036.1 0.0 2582
Element:  79 0.0 0.0 0.0 0.0    882M0 -700.0 700.0 -6000.0 0.1000 0 0 0 1031.2 0.0 2581
Element:  80 0.0 0.0 0.0 0.0   1043M0 -700.0 700.0 -6000.0 0.1000 0 0 0 1026.2 0.0 2039
Element:  81 0.0 0.0 0.0 0.0   1026M0 -700.0 700.0 -6000.0 0.1000 0 0 0 1021.4 0.0 2036
Element:  82 0.0 0.0 0.0 0.0   1027M0 -700.0 700.0 -6000.0 0.1000 0 0 0 1016.5 0.0 2038
Element:  83 0.0 0.0 0.0 0.0   1042M0 -700.0 700.0 -6000.0 0.1000 0 0 0 1011.6 0.0 2037
Element:  84 0.0 0.0 0.0 0.0   1011M0 -700.0 700.0 -6000.0 0.1000 0 0 0 1006.8 0.0 2647
Element:  85 0.0 0.0 0.0 0.0    994M0 -700.0 700.0 -6000.0 0.1000 0 0 0 1002.0 0.0 2644
Element:  86 0.0 0.0 0.0 0.0    995M0 -700.0 700.0 -6000.0 0.1000 0 0 0  997.2 0.0 2646
Element:  87 0.0 0.0 0.0 0.0   1010M0 -700.0 700.0 -6000.0 0.1000 0 0 0  992.4 0.0 2645
Element:  88 0.0 0.0 0.0 0.0   1171M0 -700.0 700.0 -6000.0 0.1000 0 0 0  987.6 0.0 2935
Element:  89 0.0 0.0 0.0 0.0   1154M0 -700.0 700.0 -6000.0 0.1000 0 0 0  982.9 0.0 2932
Element:  90 0.0 0.0 0.0 0.0   1155M0 -700.0 700.0 -6000.0 0.1000 0 0 0  978.1 0.0 2934
Element:  91 0.0 0.0 0.0 0.0   1170M0 -700.0 700.0 -6000.0 0.1000 0 0 0  973.4 0.0 2933
Element:  92 0.0 0.0 0.0 0.0   1139M0 -700.0 700.0 -6000.0 0.1000 0 0 0  968.7 0.0 2903
Element:  93 0.0 0.0 0.0 0.0   1122M0 -700.0 700.0 -6000.0 0.1000 0 0 0  964.1 0.0 2900
Element:  94 0.0 0.0 0.0 0.0   1123M0 -700.0 700.0 -6000.0 0.1000 0 0 0  959.4 0.0 2902
Element:  95 0.0 0.0 0.0 0.0   1138M0 -700.0 700.0 -6000.0 0.1000 0 0 0  954.8 0.0 2901
Element:  96 0.0 0.0 0.0 0.0    853M0 -700.0 700.0 -6000.0 0.1000 0 0 0  950.2 0.0 2075
Element:  97 0.0 0.0 0.0 0.0    836M0 -700.0 700.0 -6000.0 0.1000 0 0 0  945.6 0.0 2072
Element:  98 0.0 0.0 0.0 0.0    837M0 -700.0 700.0 -6000.0 0.1000 0 0 0  941.0 0.0 2074
Element:  99 0.0 0.0 0.0 0.0    852M0 -700.0 700.0 -6000.0 0.1000 0 0 0  936.4 0.0 2073
Element: 100 0.0 0.0 0.0 0.0    821M0 -700.0 700.0 -6000.0 0.1000 0 0 0  931.9 0.0 2875
Element: 101 0.0 0.0 0.0 0.0    804M0 -700.0 700.0 -6000.0 0.1000 0 0 0  927.3 0.0 2872
Element: 102 0.0 0.0 0.0 0.0    805M0 -700.0 700.0 -6000.0 0.1000 0 0 0  922.8 0.0 2874
Element: 103 0.0 0.0 0.0 0.0    820M0 -700.0 700.0 -6000.0 0.1000 0 0 0  918.3 0.0 2873
Element: 104 0.0 0.0 0.0 0.0    981M0 -700.0 700.0 -6000.0 0.1000 0 0 0  913.9 0.0 2363
Element: 105 0.0 0.0 0.0 0.0    964M0 -700.0 700.0 -6000.0 0.1000 0 0 0  909.4 0.0 2360
Element: 106 0.0 0.0 0.0 0.0    965M0 -700.0 700.0 -6000.0 0.1000 0 0 0  905.0 0.0 2362
Element: 107 0.0 0.0 0.0 0.0    980M0 -700.0 700.0 -6000.0 0.1000 0 0 0  900.6 0.0 2361
Element: 108 0.0 0.0 0.0 0.0    949M0 -700.0 700.0 -6000.0 0.1000 0 0 0  896.1 0.0 2011
Element: 109 0.0 0.0 0.0 0.0    932M0 -700.0 700.0 -6000.0 0.1000 0 0 0  891.8 0.0 2008
Element: 110 0.0 0.0 0.0 0.0    933M0 -700.0 700.0 -6000.0 0.1000 0 0 0  887.4 0.0 2010
Element: 111 0.0 0.0 0.0 0.0    948M0 -700.0 700.0 -6000.0 0.1000 0 0 0  883.0 0.0 2009
Element: 112 0.0 0.0 0.0 0.0   1109M0 -700.0 700.0 -6000.0 0.1000 0 0 0  878.8 0.0 2619
Element: 113 0.0 0.0 0.0 0.0   1092M0 -700.0 700.0 -6000.0 0.1000 0 0 0  874.4 0.0 2616
Element: 114 0.0 0.0 0.0 0.0   1093M0 -700.0 700.0 -6000.0 0.1000 0 0 0  870.1 0.0 2618
Element: 115 0.0 0.0 0.0 0.0   1108M0 -700.0 700.0 -6000.0 0.1000 0 0 0  865.8 0.0 2617
Element: 116 0.0 0.0 0.0 0.0   1077M0 -700.0 700.0 -6000.0 0.1000 0 0 0  861.5 0.0 2331
Element: 117 0.0 0.0 0.0 0.0   1060M0 -700.0 700.0 -6000.0 0.1000 0 0 0  857.3 0.0 2328
Element: 118 0.0 0.0 0.0 0.0   1061M0 -700.0 700.0 -6000.0 0.1000 0 0 0  853.0 0.0 2330
Element: 119 0.0 0.0 0.0 0.0   1076M0 -700.0 700.0 -6000.0 0.1000 0 0 0  848.8 0.0 2329
Element: 120 0.0 0.0 0.0 0.0    917M0 -700.0 700.0 -6000.0 0.1000 0 0 0  844.7 0.0 2299
Element: 121 0.0 0.0 0.0 0.0    900M0 -700.0 700.0 -6000.0 0.1000 0 0 0  840.5 0.0 2296
Element: 122 0.0 0.0 0.0 0.0    901M0 -700.0 700.0 -6000.0 0.1000 0 0 0  836.3 0.0 2298
Element: 123 0.0 0.0 0.0 0.0    916M0 -700.0 700.0 -6000.0 0.1000 0 0 0  832.2 0.0 2297
Element: 124 0.0 0.0 0.0 0.0    885M0 -700.0 700.0 -6000.0 0.1000 0 0 0  828.0 0.0 2587
Element: 125 0.0 0.0 0.0 0.0    868M0 -700.0 700.0 -6000.0 0.1000 0 0 0  823.9 0.0 2584
Element: 126 0.0 0.0 0.0 0.0    869M0 -700.0 700.0 -6000.0 0.1000 0 0 0  819.8 0.0 2586
Element: 127 0.0 0.0 0.0 0.0    884M0 -700.0 700.0 -6000.0 0.1000 0 0 0  815.7 0.0 2585
Element: 128 0.0 0.0 0.0 0.0   1045M0 -700.0 700.0 -6000.0 0.1000 0 0 0  811.7 0.0 2043
Element: 129 0.0 0.0 0.0 0.0   1028M0 -700.0 700.0 -6000.0 0.1000 0 0 0  807.6 0.0 2040
Element: 130 0.0 0.0 0.0 0.0   1029M0 -700.0 700.0 -6000.0 0.1000 0 0 0  803.6 0.0 2042
Element: 131 0.0 0.0 0.0 0.0   1044M0 -700.0 700.0 -6000.0 0.1000 0 0 0  799.5 0.0 2041
Element: 132 0.0 0.0 0.0 0.0   1013M0 -700.0 700.0 -6000.0 0.1000 0 0 0  795.5 0.0 2651
Element: 133 0.0 0.0 0.0 0.0    996M0 -700.0 700.0 -6000.0 0.1000 0 0 0  791.5 0.0 2648
Element: 134 0.0 0.0 0.0 0.0    997M0 -700.0 700.0 -6000.0 0.1000 0 0 0  787.5 0.0 2650
Element: 135 0.0 0.0 0.0 0.0   1012M0 -700.0 700.0 -6000.0 0.1000 0 0 0  783.5 0.0 2649
Element: 136 0.0 0.0 0.0 0.0   1173M0 -700.0 700.0 -6000.0 0.1000 0 0 0  779.7 0.0 2939
Element: 137 0.0 0.0 0.0 0.0   1156M0 -700.0 700.0 -6000.0 0.1000 0 0 0  775.7 0.0 2936
Element: 138 0.0 0.0 0.0 0.0   1157M0 -700.0 700.0 -6000.0 0.1000 0 0 0  771.8 0.0 2938
Element: 139 0.0 0.0 0.0 0.0   1172M0 -700.0 700.0 -6000.0 0.1000 0 0 0  767.8 0.0 2937
Element: 140 0.0 0.0 0.0 0.0   1141M0 -700.0 700.0 -6000.0 0.1000 0 0 0  763.9 0.0 2907
Element: 141 0.0 0.0 0.0 0.0   1124M0 -700.0 700.0 -6000.0 0.1000 0 0 0  760.0 0.0 2904
Element: 142 0.0 0.0 0.0 0.0   1125M0 -700.0 700.0 -6000.0 0.1000 0 0 0  756.2 0.0 2906
Element: 143 0.0 0.0 0.0 0.0   1140M0 -700.0 700.0 -6000.0 0.1000 0 0 0  752.3 0.0 2905
Element: 144 0.0 0.0 0.0 0.0    855M0 -700.0 700.0 -6000.0 0.1000 0 0 0  748.6 0.0 2079
Element: 145 0.0 0.0 0.0 0.0    838M0 -700.0 700.0 -6000.0 0.1000 0 0 0  744.8 0.0 2076
Element: 146 0.0 0.0 0.0 0.0    839M0 -700.0 700.0 -6000.0 0.1000 0 0 0  740.9 0.0 2078
Element: 147 0.0 0.0 0.0 0.0    854M0 -700.0 700.0 -6000.0 0.1000 0 0 0  737.1 0.0 2077
Element: 148 0.0 0.0 0.0 0.0    823M0 -700.0 700.0 -6000.0 0.1000 0 0 0  733.3 0.0 2879
Element: 149 0.0 0.0 0.0 0.0    806M0 -700.0 700.0 -6000.0 0.1000 0 0 0  729.5 0.0 2876
Element: 150 0.0 0.0 0.0 0.0    807M0 -700.0 700.0 -6000.0 0.1000 0 0 0  725.8 0.0 2878
Element: 151 0.0 0.0 0.0 0.0    822M0 -700.0 700.0 -6000.0 0.1000 0 0 0  722.0 0.0 2877
Element: 152 0.0 0.0 0.0 0.0    983M0 -700.0 700.0 -6000.0 0.1000 0 0 0  718.5 0.0 2367
Element: 153 0.0 0.0 0.0 0.0    966M0 -700.0 700.0 -6000.0 0.1000 0 0 0  714.7 0.0 2364
Element: 154 0.0 0.0 0.0 0.0    967M0 -700.0 700.0 -6000.0 0.1000 0 0 0  711.0 0.0 2366
Element: 155 0.0 0.0 0.0 0.0    982M0 -700.0 700.0 -6000.0 0.1000 0 0 0  707.3 0.0 2365
Element: 156 0.0 0.0 0.0 0.0    951M0 -700.0 700.0 -6000.0 0.1000 0 0 0  703.6 0.0 2015
Element: 157 0.0 0.0 0.0 0.0    934M0 -700.0 700.0 -6000.0 0.1000 0 0 0  699.9 0.0 2012
Element: 158 0.0 0.0 0.0 0.0    935M0 -700.0 700.0 -6000.0 0.1000 0 0 0  696.3 0.0 2014
Element: 159 0.0 0.0 0.0 0.0    950M0 -700.0 700.0 -6000.0 0.1000 0 0 0  692.6 0.0 2013
Element: 160 0.0 0.0 0.0 0.0   1111M0 -700.0 700.0 -6000.0 0.1000 0 0 0  689.2 0.0 2623
Element: 161 0.0 0.0 0.0 0.0   1094M0 -700.0 700.0 -6000.0 0.1000 0 0 0  685.5 0.0 2620
Element: 162 0.0 0.0 0.0 0.0   1095M0 -700.0 700.0 -6000.0 0.1000 0 0 0  681.9 0.0 2622
Element: 163 0.0 0.0 0.0 0.0   1110M0 -700.0 700.0 -6000.0 0.1000 0 0 0  678.3 0.0 2621
Element: 164 0.0 0.0 0.0 0.0   1079M0 -700.0 700.0 -6000.0 0.1000 0 0 0  674.7 0.0 2335
Element: 165 0.0 0.0 0.0 0.0   1062M0 -700.0 700.0 -6000.0 0.1000 0 0 0  671.1 0.0 2332
Element: 166 0.0 0.0 0.0 0.0   1063M0 -700.0 700.0 -6000.0 0.1000 0 0 0  667.6 0.0 2334
Element: 167 0.0 0.0 0.0 0.0   1078M0 -700.0 700.0 -6000.0 0.1000 0 0 0  664.1 0.0 2333
Element: 168 0.0 0.0 0.0 0.0    919M0 -700.0 700.0 -6000.0 0.1000 0 0 0  660.8 0.0 2303
Element: 169 0.0 0.0 0.0 0.0    902M0 -700.0 700.0 -6000.0 0.1000 0 0 0  657.2 0.0 2300
Element: 170 0.0 0.0 0.0 0.0    903M0 -700.0 700.0 -6000.0 0.1000 0 0 0  653.7 0.0 2302
Element: 171 0.0 0.0 0.0 0.0    918M0 -700.0 700.0 -6000.0 0.1000 0 0 0  650.2 0.0 2301
Element: 172 0.0 0.0 0.0 0.0    887M0 -700.0 700.0 -6000.0 0.1000 0 0 0  646.7 0.0 2591
Element: 173 0.0 0.0 0.0 0.0    870M0 -700.0 700.0 -6000.0 0.1000 0 0 0  643.2 0.0 2588
Element: 174 0.0 0.0 0.0 0.0    871M0 -700.0 700.0 -6000.0 0.1000 0 0 0  639.7 0.0 2590
Element: 175 0.0 0.0 0.0 0.0    886M0 -700.0 700.0 -6000.0 0.1000 0 0 0  636.3 0.0 2589
Element: 176 0.0 0.0 0.0 0.0   1047M0 -700.0 700.0 -6000.0 0.1000 0 0 0  633.1 0.0 2047
Element: 177 0.0 0.0 0.0 0.0   1030M0 -700.0 700.0 -6000.0 0.1000 0 0 0  629.7 0.0 2044
Element: 178 0.0 0.0 0.0 0.0   1031M0 -700.0 700.0 -6000.0 0.1000 0 0 0  626.2 0.0 2046
Element: 179 0.0 0.0 0.0 0.0   1046M0 -700.0 700.0 -6000.0 0.1000 0 0 0  622.8 0.0 2045
Element: 180 0.0 0.0 0.0 0.0   1015M0 -700.0 700.0 -6000.0 0.1000 0 0 0  619.4 0.0 2655
Element: 181 0.0 0.0 0.0 0.0    998M0 -700.0 700.0 -6000.0 0.1000 0 0 0  616.0 0.0 2652
Element: 182 0.0 0.0 0.0 0.0    999M0 -700.0 700.0 -6000.0 0.1000 0 0 0  612.7 0.0 2654
Element: 183 0.0 0.0 0.0 0.0   1014M0 -700.0 700.0 -6000.0 0.1000 0 0 0  609.3 0.0 2653
Element: 184 0.0 0.0 0.0 0.0   1175M0 -700.0 700.0 -6000.0 0.1000 0 0 0  606.3 0.0 2943
Element: 185 0.0 0.0 0.0 0.0   1158M0 -700.0 700.0 -6000.0 0.1000 0 0 0  602.9 0.0 2940
Element: 186 0.0 0.0 0.0 0.0   1159M0 -700.0 700.0 -6000.0 0.1000 0 0 0  599.5 0.0 2942
Element: 187 0.0 0.0 0.0 0.0   1174M0 -700.0 700.0 -6000.0 0.1000 0 0 0  596.2 0.0 2941
Element: 188 0.0 0.0 0.0 0.0   1143M0 -700.0 700.0 -6000.0 0.1000 0 0 0  592.9 0.0 2911
Element: 189 0.0 0.0 0.0 0.0   1126M0 -700.0 700.0 -6000.0 0.1000 0 0 0  589.6 0.0 2908
Element: 190 0.0 0.0 0.0 0.0   1127M0 -700.0 700.0 -6000.0 0.1000 0 0 0  586.4 0.0 2910
Element: 191 0.0 0.0 0.0 0.0   1142M0 -700.0 700.0 -6000.0 0.1000 0 0 0  583.1 0.0 2909
Element: 192 0.0 0.0 0.0 0.0    857M0 -700.0 700.0 -6000.0 0.1000 0 0 0  580.1 0.0 2083
Element: 193 0.0 0.0 0.0 0.0    840M0 -700.0 700.0 -6000.0 0.1000 0 0 0  576.9 0.0 2080
Element: 194 0.0 0.0 0.0 0.0    841M0 -700.0 700.0 -6000.0 0.1000 0 0 0  573.6 0.0 2082
Element: 195 0.0 0.0 0.0 0.0    856M0 -700.0 700.0 -6000.0 0.1000 0 0 0  570.4 0.0 2081
Element: 196 0.0 0.0 0.0 0.0    825M0 -700.0 700.0 -6000.0 0.1000 0 0 0  567.2 0.0 2883
Element: 197 0.0 0.0 0.0 0.0    808M0 -700.0 700.0 -6000.0 0.1000 0 0 0  564.0 0.0 2880
Element: 198 0.0 0.0 0.0 0.0    809M0 -700.0 700.0 -6000.0 0.1000 0 0 0  560.8 0.0 2882
Element: 199 0.0 0.0 0.0 0.0    824M0 -700.0 700.0 -6000.0 0.1000 0 0 0  557.6 0.0 2881
Element: 200 0.0 0.0 0.0 0.0    985M0 -700.0 700.0 -6000.0 0.1000 0 0 0  554.8 0.0 2371
Element: 201 0.0 0.0 0.0 0.0    968M0 -700.0 700.0 -6000.0 0.1000 0 0 0  551.6 0.0 2368
Element: 202 0.0 0.0 0.0 0.0    969M0 -700.0 700.0 -6000.0 0.1000 0 0 0  548.4 0.0 2370
Element: 203 0.0 0.0 0.0 0.0    984M0 -700.0 700.0 -6000.0 0.1000 0 0 0  545.2 0.0 2369
Element: 204 0.0 0.0 0.0 0.0    953M0 -700.0 700.0 -6000.0 0.1000 0 0 0  542.1 0.0 2019
Element: 205 0.0 0.0 0.0 0.0    936M0 -700.0 700.0 -6000.0 0.1000 0 0 0  539.0 0.0 2016
Element: 206 0.0 0.0 0.0 0.0    937M0 -700.0 700.0 -6000.0 0.1000 0 0 0  535.9 0.0 2018
Element: 207 0.0 0.0 0.0 0.0    952M0 -700.0 700.0 -6000.0 0.1000 0 0 0  532.8 0.0 2017
Element: 208 0.0 0.0 0.0 0.0   1113M0 -700.0 700.0 -6000.0 0.1000 0 0 0  530.1 0.0 2627
Element: 209 0.0 0.0 0.0 0.0   1096M0 -700.0 700.0 -6000.0 0.1000 0 0 0  527.0 0.0 2624
Element: 210 0.0 0.0 0.0 0.0   1097M0 -700.0 700.0 -6000.0 0.1000 0 0 0  523.9 0.0 2626
Element: 211 0.0 0.0 0.0 0.0   1112M0 -700.0 700.0 -6000.0 0.1000 0 0 0  520.8 0.0 2625
Element: 212 0.0 0.0 0.0 0.0   1081M0 -700.0 700.0 -6000.0 0.1000 0 0 0  517.8 0.0 2339
Element: 213 0.0 0.0 0.0 0.0   1064M0 -700.0 700.0 -6000.0 0.1000 0 0 0  514.7 0.0 2336
Element: 214 0.0 0.0 0.0 0.0   1065M0 -700.0 700.0 -6000.0 0.1000 0 0 0  511.7 0.0 2338
Element: 215 0.0 0.0 0.0 0.0   1080M0 -700.0 700.0 -6000.0 0.1000 0 0 0  508.7 0.0 2337
Element: 216 0.0 0.0 0.0 0.0    921M0 -700.0 700.0 -6000.0 0.1000 0 0 0  506.0 0.0 2307
Element: 217 0.0 0.0 0.0 0.0    904M0 -700.0 700.0 -6000.0 0.1000 0 0 0  503.0 0.0 2304
Element: 218 0.0 0.0 0.0 0.0    905M0 -700.0 700.0 -6000.0 0.1000 0 0 0  500.0 0.0 2306
Element: 219 0.0 0.0 0.0 0.0    920M0 -700.0 700.0 -6000.0 0.1000 0 0 0  497.0 0.0 2305
Element: 220 0.0 0.0 0.0 0.0    889M0 -700.0 700.0 -6000.0 0.1000 0 0 0  494.1 0.0 2595
Element: 221 0.0 0.0 0.0 0.0    872M0 -700.0 700.0 -6000.0 0.1000 0 0 0  491.1 0.0 2592
Element: 222 0.0 0.0 0.0 0.0    873M0 -700.0 700.0 -6000.0 0.1000 0 0 0  488.2 0.0 2594
Element: 223 0.0 0.0 0.0 0.0    888M0 -700.0 700.0 -6000.0 0.1000 0 0 0  485.3 0.0 2593
Element: 224 0.0 0.0 0.0 0.0   1049M0 -700.0 700.0 -6000.0 0.1000 0 0 0  482.7 0.0 2051
Element: 225 0.0 0.0 0.0 0.0   1032M0 -700.0 700.0 -6000.0 0.1000 0 0 0  479.7 0.0 2048
Element: 226 0.0 0.0 0.0 0.0   1033M0 -700.0 700.0 -6000.0 0.1000 0 0 0  476.8 0.0 2050
Element: 227 0.0 0.0 0.0 0.0   1048M0 -700.0 700.0 -6000.0 0.1000 0 0 0  473.9 0.0 2049
Element: 228 0.0 0.0 0.0 0.0   1017M0 -700.0 700.0 -6000.0 0.1000 0 0 0  471.0 0.0 2659
Element: 229 0.0 0.0 0.0 0.0   1000M0 -700.0 700.0 -6000.0 0.1000 0 0 0  468.1 0.0 2656
Element: 230 0.0 0.0 0.0 0.0   1001M0 -700.0 700.0 -6000.0 0.1000 0 0 0  465.3 0.0 2658
Element: 231 0.0 0.0 0.0 0.0   1016M0 -700.0 700.0 -6000.0 0.1000 0 0 0  462.5 0.0 2657
Element: 232 0.0 0.0 0.0 0.0   1177M0 -700.0 700.0 -6000.0 0.1000 0 0 0  460.0 0.0 2947
Element: 233 0.0 0.0 0.0 0.0   1160M0 -700.0 700.0 -6000.0 0.1000 0 0 0  457.1 0.0 2944
Element: 234 0.0 0.0 0.0 0.0   1161M0 -700.0 700.0 -6000.0 0.1000 0 0 0  454.2 0.0 2946
Element: 235 0.0 0.0 0.0 0.0   1176M0 -700.0 700.0 -6000.0 0.1000 0 0 0  451.4 0.0 2945
Element: 236 0.0 0.0 0.0 0.0   1145M0 -700.0 700.0 -6000.0 0.1000 0 0 0  448.6 0.0 2915
Element: 237 0.0 0.0 0.0 0.0   1128M0 -700.0 700.0 -6000.0 0.1000 0 0 0  445.8 0.0 2912
Element: 238 0.0 0.0 0.0 0.0   1129M0 -700.0 700.0 -6000.0 0.1000 0 0 0  443.1 0.0 2914
Element: 239 0.0 0.0 0.0 0.0   1144M0 -700.0 700.0 -6000.0 0.1000 0 0 0  440.3 0.0 2913
Element: 240 0.0 0.0 0.0 0.0    859M0 -700.0 700.0 -6000.0 0.1000 0 0 0  437.9 0.0 2087
Element: 241 0.0 0.0 0.0 0.0    842M0 -700.0 700.0 -6000.0 0.1000 0 0 0  435.1 0.0 2084
Element: 242 0.0 0.0 0.0 0.0    843M0 -700.0 700.0 -6000.0 0.1000 0 0 0  432.3 0.0 2086
Element: 243 0.0 0.0 0.0 0.0    858M0 -700.0 700.0 -6000.0 0.1000 0 0 0  429.6 0.0 2085
Element: 244 0.0 0.0 0.0 0.0    827M0 -700.0 700.0 -6000.0 0.1000 0 0 0  426.8 0.0 2887
Element: 245 0.0 0.0 0.0 0.0    810M0 -700.0 700.0 -6000.0 0.1000 0 0 0  424.1 0.0 2884
Element: 246 0.0 0.0 0.0 0.0    811M0 -700.0 700.0 -6000.0 0.1000 0 0 0  421.4 0.0 2886
Element: 247 0.0 0.0 0.0 0.0    826M0 -700.0 700.0 -6000.0 0.1000 0 0 0  418.8 0.0 2885
Element: 248 0.0 0.0 0.0 0.0    987M0 -700.0 700.0 -6000.0 0.1000 0 0 0  416.4 0.0 2375
Element: 249 0.0 0.0 0.0 0.0    970M0 -700.0 700.0 -6000.0 0.1000 0 0 0  413.7 0.0 2372
Element: 250 0.0 0.0 0.0 0.0    971M0 -700.0 700.0 -6000.0 0.1000 0 0 0  411.0 0.0 2374
Element: 251 0.0 0.0 0.0 0.0    986M0 -700.0 700.0 -6000.0 0.1000 0 0 0  408.3 0.0 2373
Element: 252 0.0 0.0 0.0 0.0    955M0 -700.0 700.0 -6000.0 0.1000 0 0 0  405.7 0.0 2023
Element: 253 0.0 0.0 0.0 0.0    938M0 -700.0 700.0 -6000.0 0.1000 0 0 0  403.0 0.0 2020
Element: 254 0.0 0.0 0.0 0.0    939M0 -700.0 700.0 -6000.0 0.1000 0 0 0  400.4 0.0 2022
Element: 255 0.0 0.0 0.0 0.0    954M0 -700.0 700.0 -6000.0 0.1000 0 0 0  397.8 0.0 2021
Element: 256 0.0 0.0 0.0 0.0   1115M0 -700.0 700.0 -6000.0 0.1000 0 0 0  395.6 0.0 2631
Element: 257 0.0 0.0 0.0 0.0   1098M0 -700.0 700.0 -6000.0 0.1000 0 0 0  392.9 0.0 2628
Element: 258 0.0 0.0 0.0 0.0   1099M0 -700.0 700.0 -6000.0 0.1000 0 0 0  390.3 0.0 2630
Element: 259 0.0 0.0 0.0 0.0   1114M0 -700.0 700.0 -6000.0 0.1000 0 0 0  387.7 0.0 2629
Element: 260 0.0 0.0 0.0 0.0   1083M0 -700.0 700.0 -6000.0 0.1000 0 0 0  385.1 0.0 2343
Element: 261 0.0 0.0 0.0 0.0   1066M0 -700.0 700.0 -6000.0 0.1000 0 0 0  382.5 0.0 2340
Element: 262 0.0 0.0 0.0 0.0   1067M0 -700.0 700.0 -6000.0 0.1000 0 0 0  380.0 0.0 2342
Element: 263 0.0 0.0 0.0 0.0   1082M0 -700.0 700.0 -6000.0 0.1000 0 0 0  377.5 0.0 2341
Element: 264 0.0 0.0 0.0 0.0    923M0 -700.0 700.0 -6000.0 0.1000 0 0 0  375.3 0.0 2311
Element: 265 0.0 0.0 0.0 0.0    906M0 -700.0 700.0 -6000.0 0.1000 0 0 0  372.7 0.0 2308
Element: 266 0.0 0.0 0.0 0.0    907M0 -700.0 700.0 -6000.0 0.1000 0 0 0  370.2 0.0 2310
Element: 267 0.0 0.0 0.0 0.0    922M0 -700.0 700.0 -6000.0 0.1000 0 0 0  367.6 0.0 2309
Element: 268 0.0 0.0 0.0 0.0    891M0 -700.0 700.0 -6000.0 0.1000 0 0 0  365.1 0.0 2599
Element: 269 0.0 0.0 0.0 0.0    874M0 -700.0 700.0 -6000.0 0.1000 0 0 0  362.6 0.0 2596
Element: 270 0.0 0.0 0.0 0.0    875M0 -700.0 700.0 -6000.0 0.1000 0 0 0  360.2 0.0 2598
Element: 271 0.0 0.0 0.0 0.0    890M0 -700.0 700.0 -6000.0 0.1000 0 0 0  357.7 0.0 2597
Element: 272 0.0 0.0 0.0 0.0   1051M0 -700.0 700.0 -6000.0 0.1000 0 0 0  355.6 0.0 2055
Element: 273 0.0 0.0 0.0 0.0   1034M0 -700.0 700.0 -6000.0 0.1000 0 0 0  353.1 0.0 2052
Element: 274 0.0 0.0 0.0 0.0   1035M0 -700.0 700.0 -6000.0 0.1000 0 0 0  350.6 0.0 2054
Element: 275 0.0 0.0 0.0 0.0   1050M0 -700.0 700.0 -6000.0 0.1000 0 0 0  348.2 0.0 2053
Element: 276 0.0 0.0 0.0 0.0   1019M0 -700.0 700.0 -6000.0 0.1000 0 0 0  345.8 0.0 2663
Element: 277 0.0 0.0 0.0 0.0   1002M0 -700.0 700.0 -6000.0 0.1000 0 0 0  343.3 0.0 2660
Element: 278 0.0 0.0 0.0 0.0   1003M0 -700.0 700.0 -6000.0 0.1000 0 0 0  340.9 0.0 2662
Element: 279 0.0 0.0 0.0 0.0   1018M0 -700.0 700.0 -6000.0 0.1000 0 0 0  338.6 0.0 2661
Element: 280 0.0 0.0 0.0 0.0   1179M0 -700.0 700.0 -6000.0 0.1000 0 0 0  336.5 0.0 2951
Element: 281 0.0 0.0 0.0 0.0   1162M0 -700.0 700.0 -6000.0 0.1000 0 0 0  334.1 0.0 2948
Element: 282 0.0 0.0 0.0 0.0   1163M0 -700.0 700.0 -6000.0 0.1000 0 0 0  331.7 0.0 2950
Element: 283 0.0 0.0 0.0 0.0   1178M0 -700.0 700.0 -6000.0 0.1000 0 0 0  329.3 0.0 2949
Element: 284 0.0 0.0 0.0 0.0   1147M0 -700.0 700.0 -6000.0 0.1000 0 0 0  327.0 0.0 2919
Element: 285 0.0 0.0 0.0 0.0   1130M0 -700.0 700.0 -6000.0 0.1000 0 0 0  324.6 0.0 2916
Element: 286 0.0 0.0 0.0 0.0   1131M0 -700.0 700.0 -6000.0 0.1000 0 0 0  322.3 0.0 2918
Element: 287 0.0 0.0 0.0 0.0   1146M0 -700.0 700.0 -6000.0 0.1000 0 0 0  320.0 0.0 2917
Element: 288 0.0 0.0 0.0 0.0    861M0 -700.0 700.0 -6000.0 0.1000 0 0 0  318.1 0.0 2091
Element: 289 0.0 0.0 0.0 0.0    844M0 -700.0 700.0 -6000.0 0.1000 0 0 0  315.7 0.0 2088
Element: 290 0.0 0.0 0.0 0.0    845M0 -700.0 700.0 -6000.0 0.1000 0 0 0  313.4 0.0 2090
Element: 291 0.0 0.0 0.0 0.0    860M0 -700.0 700.0 -6000.0 0.1000 0 0 0  311.1 0.0 2089
Element: 292 0.0 0.0 0.0 0.0    829M0 -700.0 700.0 -6000.0 0.1000 0 0 0  308.8 0.0 2891
Element: 293 0.0 0.0 0.0 0.0    812M0 -700.0 700.0 -6000.0 0.1000 0 0 0  306.5 0.0 2888
Element: 294 0.0 0.0 0.0 0.0    813M0 -700.0 700.0 -6000.0 0.1000 0 0 0  304.2 0.0 2890
Element: 295 0.0 0.0 0.0 0.0    828M0 -700.0 700.0 -6000.0 0.1000 0 0 0  302.0 0.0 2889
Element: 296 0.0 0.0 0.0 0.0    989M0 -700.0 700.0 -6000.0 0.1000 0 0 0  300.1 0.0 2379
Element: 297 0.0 0.0 0.0 0.0    972M0 -700.0 700.0 -6000.0 0.1000 0 0 0  297.9 0.0 2376
Element: 298 0.0 0.0 0.0 0.0    973M0 -700.0 700.0 -6000.0 0.1000 0 0 0  295.6 0.0 2378
Element: 299 0.0 0.0 0.0 0.0    988M0 -700.0 700.0 -6000.0 0.1000 0 0 0  293.4 0.0 2377
Element: 300 0.0 0.0 0.0 0.0    957M0 -700.0 700.0 -6000.0 0.1000 0 0 0  291.1 0.0 2027
Element: 301 0.0 0.0 0.0 0.0    940M0 -700.0 700.0 -6000.0 0.1000 0 0 0  288.9 0.0 2024
Element: 302 0.0 0.0 0.0 0.0    941M0 -700.0 700.0 -6000.0 0.1000 0 0 0  286.8 0.0 2026
Element: 303 0.0 0.0 0.0 0.0    956M0 -700.0 700.0 -6000.0 0.1000 0 0 0  284.6 0.0 2025
Element: 304 0.0 0.0 0.0 0.0   1117M0 -700.0 700.0 -6000.0 0.1000 0 0 0  282.8 0.0 2635
Element: 305 0.0 0.0 0.0 0.0   1100M0 -700.0 700.0 -6000.0 0.1000 0 0 0  280.6 0.0 2632
Element: 306 0.0 0.0 0.0 0.0   1101M0 -700.0 700.0 -6000.0 0.1000 0 0 0  278.4 0.0 2634
Element: 307 0.0 0.0 0.0 0.0   1116M0 -700.0 700.0 -6000.0 0.1000 0 0 0  276.2 0.0 2633
Element: 308 0.0 0.0 0.0 0.0   1085M0 -700.0 700.0 -6000.0 0.1000 0 0 0  274.1 0.0 2347
Element: 309 0.0 0.0 0.0 0.0   1068M0 -700.0 700.0 -6000.0 0.1000 0 0 0  272.0 0.0 2344
Element: 310 0.0 0.0 0.0 0.0   1069M0 -700.0 700.0 -6000.0 0.1000 0 0 0  269.9 0.0 2346
Element: 311 0.0 0.0 0.0 0.0   1084M0 -700.0 700.0 -6000.0 0.1000 0 0 0  267.8 0.0 2345
Element: 312 0.0 0.0 0.0 0.0    925M0 -700.0 700.0 -6000.0 0.1000 0 0 0  266.1 0.0 2315
Element: 313 0.0 0.0 0.0 0.0    908M0 -700.0 700.0 -6000.0 0.1000 0 0 0  263.9 0.0 2312
Element: 314 0.0 0.0 0.0 0.0    909M0 -700.0 700.0 -6000.0 0.1000 0 0 0  261.8 0.0 2314
Element: 315 0.0 0.0 0.0 0.0    924M0 -700.0 700.0 -6000.0 0.1000 0 0 0  259.7 0.0 2313
Element: 316 0.0 0.0 0.0 0.0    893M0 -700.0 700.0 -6000.0 0.1000 0 0 0  257.6 0.0 2603
Element: 317 0.0 0.0 0.0 0.0    876M0 -700.0 700.0 -6000.0 0.1000 0 0 0  255.6 0.0 2600
Element: 318 0.0 0.0 0.0 0.0    877M0 -700.0 700.0 -6000.0 0.1000 0 0 0  253.6 0.0 2602
Element: 319 0.0 0.0 0.0 0.0    892M0 -700.0 700.0 -6000.0 0.1000 0 0 0  251.5 0.0 2601
Element: 320 0.0 0.0 0.0 0.0   1053M0 -700.0 700.0 -6000.0 0.1000 0 0 0  249.9 0.0 2059
Element: 321 0.0 0.0 0.0 0.0   1036M0 -700.0 700.0 -6000.0 0.1000 0 0 0  247.8 0.0 2056
Element: 322 0.0 0.0 0.0 0.0   1037M0 -700.0 700.0 -6000.0 0.1000 0 0 0  245.8 0.0 2058
Element: 323 0.0 0.0 0.0 0.0   1052M0 -700.0 700.0 -6000.0 0.1000 0 0 0  243.8 0.0 2057
Element: 324 0.0 0.0 0.0 0.0   1021M0 -700.0 700.0 -6000.0 0.1000 0 0 0  241.8 0.0 2667
Element: 325 0.0 0.0 0.0 0.0   1004M0 -700.0 700.0 -6000.0 0.1000 0 0 0  239.8 0.0 2664
Element: 326 0.0 0.0 0.0 0.0   1005M0 -700.0 700.0 -6000.0 0.1000 0 0 0  237.8 0.0 2666
Element: 327 0.0 0.0 0.0 0.0   1020M0 -700.0 700.0 -6000.0 0.1000 0 0 0  235.9 0.0 2665
##
Initialise: 
Display: 1D Nhits       64 0 64
Display: 1D NhitsPrompt 64 0 64
Display: 1D NhitsRand   64 0 64
Display: 1D Hits        328 0 328
Display: 1D HitsPrompt  328 0 328
Display: 1D HitsRand    328 0 328
Display: 1D TimeOR     1000 -500.0 500.0
#Display: 1D Time  1000 -500.0 500.0   0 328
Display: 1D Eelect   800 0 1600.0
Display: 1D ScalerCurr 328 0 328
Display: 1D ScalerAcc  328 0 328
Display: 1D Doubles  	328 0 328
Display: 1D NDoubles  	64 0 64
Display: 2D TimeOR   200 -500.0 500.0 -1 Hits 328 0 328 -1
Display: 2D TimeOR   200 -500.0 500.0 -1 Doubles 328 0 328 -1
