-5.196 3.000
-10.392 6.000
-10.392 0.000
-15.588 9.000
-15.588 3.000
-15.588 -3.000
-20.785 12.000
-20.785 6.000
-20.785 0.000
-20.785 -6.000
-25.981 15.000
-25.981 9.000
-25.981 3.000
-25.981 -3.000
-25.981 -9.000
-31.177 18.000
-31.177 12.000
-31.177 6.000
-31.177 0.000
-31.177 -6.000
-31.177 -12.000
-36.373 21.000
-36.373 15.000
-36.373 9.000
-36.373 3.000
-36.373 -3.000
-36.373 -9.000
-36.373 -15.000
-41.569 24.000
-41.569 18.000
-41.569 12.000
-41.569 6.000
-41.569 0.000
-41.569 -6.000
-41.569 -12.000
-41.569 -18.000
-46.765 27.000
-46.765 21.000
-46.765 15.000
-46.765 9.000
-46.765 3.000
-46.765 -3.000
-46.765 -9.000
-46.765 -15.000
-46.765 -21.000
-51.962 30.000
-51.962 24.000
-51.962 18.000
-51.962 12.000
-51.962 6.000
-51.962 0.000
-51.962 -6.000
-51.962 -12.000
-51.962 -18.000
-51.962 -24.000
-57.158 27.000
-57.158 21.000
-57.158 15.000
-57.158 9.000
-57.158 3.000
-57.158 -3.000
-57.158 -9.000
-57.158 -15.000
-57.158 -21.000
-5.196 -3.000
-10.392 -6.000
-5.196 -9.000
-15.588 -9.000
-10.392 -12.000
-5.196 -15.000
-20.785 -12.000
-15.588 -15.000
-10.392 -18.000
-5.196 -21.000
-25.981 -15.000
-20.785 -18.000
-15.588 -21.000
-10.392 -24.000
-5.196 -27.000
-31.177 -18.000
-25.981 -21.000
-20.785 -24.000
-15.588 -27.000
-10.392 -30.000
-5.196 -33.000
-36.373 -21.000
-31.177 -24.000
-25.981 -27.000
-20.785 -30.000
-15.588 -33.000
-10.392 -36.000
-5.196 -39.000
-41.569 -24.000
-36.373 -27.000
-31.177 -30.000
-25.981 -33.000
-20.785 -36.000
-15.588 -39.000
-10.392 -42.000
-5.196 -45.000
-46.765 -27.000
-41.569 -30.000
-36.373 -33.000
-31.177 -36.000
-25.981 -39.000
-20.785 -42.000
-15.588 -45.000
-10.392 -48.000
-5.196 -51.000
-51.962 -30.000
-46.765 -33.000
-41.569 -36.000
-36.373 -39.000
-31.177 -42.000
-25.981 -45.000
-20.785 -48.000
-15.588 -51.000
-10.392 -54.000
-5.196 -57.000
-51.962 -36.000
-46.765 -39.000
-41.569 -42.000
-36.373 -45.000
-31.177 -48.000
-25.981 -51.000
-20.785 -54.000
-15.588 -57.000
-10.392 -60.000
0.000 -6.000
0.000 -12.000
5.196 -9.000
0.000 -18.000
5.196 -15.000
10.392 -12.000
0.000 -24.000
5.196 -21.000
10.392 -18.000
15.588 -15.000
0.000 -30.000
5.196 -27.000
10.392 -24.000
15.588 -21.000
20.785 -18.000
0.000 -36.000
5.196 -33.000
10.392 -30.000
15.588 -27.000
20.785 -24.000
25.981 -21.000
0.000 -42.000
5.196 -39.000
10.392 -36.000
15.588 -33.000
20.785 -30.000
25.981 -27.000
31.177 -24.000
0.000 -48.000
5.196 -45.000
10.392 -42.000
15.588 -39.000
20.785 -36.000
25.981 -33.000
31.177 -30.000
36.373 -27.000
0.000 -54.000
5.196 -51.000
10.392 -48.000
15.588 -45.000
20.785 -42.000
25.981 -39.000
31.177 -36.000
36.373 -33.000
41.569 -30.000
0.000 -60.000
5.196 -57.000
10.392 -54.000
15.588 -51.000
20.785 -48.000
25.981 -45.000
31.177 -42.000
36.373 -39.000
41.569 -36.000
46.765 -33.000
10.392 -60.000
15.588 -57.000
20.785 -54.000
25.981 -51.000
31.177 -48.000
36.373 -45.000
41.569 -42.000
46.765 -39.000
51.962 -36.000
5.196 -3.000
10.392 -6.000
10.392 0.000
15.588 -9.000
15.588 -3.000
15.588 3.000
20.785 -12.000
20.785 -6.000
20.785 0.000
20.785 6.000
25.981 -15.000
25.981 -9.000
25.981 -3.000
25.981 3.000
25.981 9.000
31.177 -18.000
31.177 -12.000
31.177 -6.000
31.177 0.000
31.177 6.000
31.177 12.000
36.373 -21.000
36.373 -15.000
36.373 -9.000
36.373 -3.000
36.373 3.000
36.373 9.000
36.373 15.000
41.569 -24.000
41.569 -18.000
41.569 -12.000
41.569 -6.000
41.569 0.000
41.569 6.000
41.569 12.000
41.569 18.000
46.765 -27.000
46.765 -21.000
46.765 -15.000
46.765 -9.000
46.765 -3.000
46.765 3.000
46.765 9.000
46.765 15.000
46.765 21.000
51.962 -30.000
51.962 -24.000
51.962 -18.000
51.962 -12.000
51.962 -6.000
51.962 0.000
51.962 6.000
51.962 12.000
51.962 18.000
51.962 24.000
57.158 -27.000
57.158 -21.000
57.158 -15.000
57.158 -9.000
57.158 -3.000
57.158 3.000
57.158 9.000
57.158 15.000
57.158 21.000
5.196 3.000
10.392 6.000
5.196 9.000
15.588 9.000
10.392 12.000
5.196 15.000
20.785 12.000
15.588 15.000
10.392 18.000
5.196 21.000
25.981 15.000
20.785 18.000
15.588 21.000
10.392 24.000
5.196 27.000
31.177 18.000
25.981 21.000
20.785 24.000
15.588 27.000
10.392 30.000
5.196 33.000
36.373 21.000
31.177 24.000
25.981 27.000
20.785 30.000
15.588 33.000
10.392 36.000
5.196 39.000
41.569 24.000
36.373 27.000
31.177 30.000
25.981 33.000
20.785 36.000
15.588 39.000
10.392 42.000
5.196 45.000
46.765 27.000
41.569 30.000
36.373 33.000
31.177 36.000
25.981 39.000
20.785 42.000
15.588 45.000
10.392 48.000
5.196 51.000
51.962 30.000
46.765 33.000
41.569 36.000
36.373 39.000
31.177 42.000
25.981 45.000
20.785 48.000
15.588 51.000
10.392 54.000
5.196 57.000
51.962 36.000
46.765 39.000
41.569 42.000
36.373 45.000
31.177 48.000
25.981 51.000
20.785 54.000
15.588 57.000
10.392 60.000
0.000 6.000
0.000 12.000
-5.196 9.000
0.000 18.000
-5.196 15.000
-10.392 12.000
0.000 24.000
-5.196 21.000
-10.392 18.000
-15.588 15.000
0.000 30.000
-5.196 27.000
-10.392 24.000
-15.588 21.000
-20.785 18.000
0.000 36.000
-5.196 33.000
-10.392 30.000
-15.588 27.000
-20.785 24.000
-25.981 21.000
0.000 42.000
-5.196 39.000
-10.392 36.000
-15.588 33.000
-20.785 30.000
-25.981 27.000
-31.177 24.000
0.000 48.000
-5.196 45.000
-10.392 42.000
-15.588 39.000
-20.785 36.000
-25.981 33.000
-31.177 30.000
-36.373 27.000
0.000 54.000
-5.196 51.000
-10.392 48.000
-15.588 45.000
-20.785 42.000
-25.981 39.000
-31.177 36.000
-36.373 33.000
-41.569 30.000
0.000 60.000
-5.196 57.000
-10.392 54.000
-15.588 51.000
-20.785 48.000
-25.981 45.000
-31.177 42.000
-36.373 39.000
-41.569 36.000
-46.765 33.000
-10.392 60.000
-15.588 57.000
-20.785 54.000
-25.981 51.000
-31.177 48.000
-36.373 45.000
-41.569 42.000
-46.765 39.000
-51.962 36.000
