## Detector setup file for Ladder
########################################################################
##
##	#FP	Energy	Time	Pos
Size: 	352 	0 	1 	1
#
Multi-hit: 8
#
##	Scalers	Calib	Overlap	Micro	#trig	Toff	Tres
Misc:	1	1	1	0	0	0	0.0
##
Window: -10. 10. -50. -30. 
##
## G 0 - 31  Section AB
##
Element:     816  0.200    2.5    0.00 0.000500  1438M0 -5000.0  5000.0 -3190.750 0.117000    0.000    0.000    0.000   60.304 1.119 2876
Element:     800  0.200    2.5    0.00 0.000500  1432M0 -5000.0  5000.0 -3189.240 0.117000    0.000    0.000    0.000   61.429 1.165 2864
Element:     817  0.200    2.5    0.00 0.000500  1454M0 -5000.0  5000.0 -3181.320 0.117000    0.000    0.000    0.000   62.601 1.212 2877
Element:     801  0.200    2.5    0.00 0.000500  1448M0 -5000.0  5000.0 -3312.192 0.117000    0.000    0.000    0.000   63.819 1.260 2865
Element:     818  0.200    2.5    0.00 0.000500  1439M0 -5000.0  5000.0 -3192.990 0.117000    0.000    0.000    0.000   65.085 1.308 2878
Element:     802  0.200    2.5    0.00 0.000500  1433M0 -5000.0  5000.0 -3291.380 0.117000    0.000    0.000    0.000   66.399 1.359 2866
Element:     819  0.200    2.5    0.00 0.000500  1455M0 -5000.0  5000.0 -3171.470 0.117000    0.000    0.000    0.000   67.766 1.412 2879
Element:     803  0.200    2.5    0.00 0.000500  1449M0 -5000.0  5000.0 -3199.760 0.117000    0.000    0.000    0.000   69.184 1.462 2867
Element:     820  0.200    2.5    0.00 0.000500  1440M0 -5000.0  5000.0 -3334.110 0.117000    0.000    0.000    0.000   70.652 1.512 2880
Element:     804  0.200    2.5    0.00 0.000500  1434M0 -5000.0  5000.0 -3289.210 0.117000    0.000    0.000    0.000   72.167 1.560 2868
Element:     821  0.200    2.5    0.00 0.000500  1456M0 -5000.0  5000.0 -3307.155 0.117000    0.000    0.000    0.000   73.729 1.607 2881
Element:     805  0.200    2.5    0.00 0.000500  1450M0 -5000.0  5000.0 -3318.245 0.117000    0.000    0.000    0.000   75.336 1.649 2869
Element:     822  0.200    2.5    0.00 0.000500  1441M0 -5000.0  5000.0 -3312.690 0.117000    0.000    0.000    0.000   76.984 1.691 2882
Element:     806  0.200    2.5    0.00 0.000500  1435M0 -5000.0  5000.0 -3308.632 0.117000    0.000    0.000    0.000   78.671 1.729 2870
Element:     823  0.200    2.5    0.00 0.000500  1457M0 -5000.0  5000.0 -3304.169 0.117000    0.000    0.000    0.000   80.393 1.763 2883
Element:     807  0.200    2.5    0.00 0.000500  1451M0 -5000.0  5000.0 -3315.325 0.117000    0.000    0.000    0.000   82.146 1.793 2871
Element:     824  0.200    2.5    0.00 0.000500  1442M0 -5000.0  5000.0 -3194.530 0.117000    0.000    0.000    0.000   83.926 1.819 2884
Element:     808  0.200    2.5    0.00 0.000500  1436M0 -5000.0  5000.0 -3321.771 0.117000    0.000    0.000    0.000   85.727 1.838 2872
Element:     825  0.200    2.5    0.00 0.000500  1458M0 -5000.0  5000.0 -3293.280 0.117000    0.000    0.000    0.000   87.547 1.853 2885
Element:     809  0.200    2.5    0.00 0.000500  1452M0 -5000.0  5000.0 -3293.810 0.117000    0.000    0.000    0.000   89.375 1.861 2873
Element:     826  0.200    2.5    0.00 0.000500  1443M0 -5000.0  5000.0 -3291.100 0.117000    0.000    0.000    0.000   91.213 1.863 2886
Element:     810  0.200    2.5    0.00 0.000500  1437M0 -5000.0  5000.0 -3302.340 0.117000    0.000    0.000    0.000   93.047 1.858 2874
Element:     827  0.200    2.5    0.00 0.000500  1459M0 -5000.0  5000.0 -3297.040 0.117000    0.000    0.000    0.000   94.877 1.847 2887
Element:     811  0.200    2.5    0.00 0.000500  1453M0 -5000.0  5000.0 -3307.691 0.117000    0.000    0.000    0.000   96.692 1.831 2875
Element:     828  0.200    2.5    0.00 0.000500  1444M0 -5000.0  5000.0 -3316.029 0.117000    0.000    0.000    0.000   98.489 1.810 2888
Element:     829  0.200    2.5    0.00 0.000500  1460M0 -5000.0  5000.0 -3304.274 0.117000    0.000    0.000    0.000  100.263 1.784 2889
Element:     830  0.200    2.5    0.00 0.000500  1445M0 -5000.0  5000.0 -3305.777 0.117000    0.000    0.000    0.000  102.010 1.755 2890
Element:     831  0.200    2.5    0.00 0.000500  1461M0 -5000.0  5000.0 -3307.706 0.117000    0.000    0.000    0.000  103.728 1.727 2891
Element:     812  0.200    2.5    0.00 0.000500  1446M0 -5000.0  5000.0 -3306.350 0.117000    0.000    0.000    0.000  105.415 1.697 2892
Element:     813  0.200    2.5    0.00 0.000500  1462M0 -5000.0  5000.0 -3304.526 0.117000    0.000    0.000    0.000  107.072 1.668 2893
Element:     814  0.200    2.5    0.00 0.000500  1447M0 -5000.0  5000.0 -3174.500 0.117000    0.000    0.000    0.000  108.702 1.644 2894
Element:     815  0.200    2.5    0.00 0.000500  1463M0 -5000.0  5000.0 -3304.017 0.117000    0.000    0.000    0.000  110.310 1.620 2895
##													     	       	     
## G 32 - 63  Section CD										     	       	     
##													     	       	     
Element:     832  0.200    2.5    0.00 0.000500  1464M0 -5000.0  5000.0 -3319.600 0.117000    0.000    0.000    0.000  111.885 1.626 2064
Element:     833  0.200    2.5    0.00 0.000500  1480M0 -5000.0  5000.0 -3320.157 0.117000    0.000    0.000    0.000  113.465 1.655 2065
Element:     834  0.200    2.5    0.00 0.000500  1465M0 -5000.0  5000.0 -3313.671 0.117000    0.000    0.000    0.000  115.039 1.677 2066
Element:     835  0.200    2.5    0.00 0.000500  1481M0 -5000.0  5000.0 -3317.346 0.117000    0.000    0.000    0.000  116.617 1.691 2067
Element:     836  0.200    2.5    0.00 0.000500  1466M0 -5000.0  5000.0 -3314.970 0.117000    0.000    0.000    0.000  118.205 1.697 2068
Element:     837  0.200    2.5    0.00 0.000500  1482M0 -5000.0  5000.0 -3321.595 0.117000    0.000    0.000    0.000  119.805 1.709 2069
Element:     838  0.200    2.5    0.00 0.000500  1467M0 -5000.0  5000.0 -3314.236 0.117000    0.000    0.000    0.000  121.436 1.681 2070
Element:     839  0.200    2.5    0.00 0.000500  1483M0 -5000.0  5000.0 -3314.251 0.117000    0.000    0.000    0.000  123.030 1.653 2071
Element:     840  0.200    2.5    0.00 0.000500  1468M0 -5000.0  5000.0 -3314.398 0.117000    0.000    0.000    0.000  124.649 1.667 2072
Element:     841  0.200    2.5    0.00 0.000500  1484M0 -5000.0  5000.0 -3313.650 0.117000    0.000    0.000    0.000  126.276 1.684 2073
Element:     842  0.200    2.5    0.00 0.000500  1469M0 -5000.0  5000.0 -3310.704 0.117000    0.000    0.000    0.000  127.909 1.700 2074
Element:     843  0.200    2.5    0.00 0.000500  1485M0 -5000.0  5000.0 -3312.588 0.117000    0.000    0.000    0.000  129.548 1.716 2075
Element:     844  0.200    2.5    0.00 0.000500  1470M0 -5000.0  5000.0 -3307.669 0.117000    0.000    0.000    0.000  131.194 1.732 2076
Element:     845  0.200    2.5    0.00 0.000500  1486M0 -5000.0  5000.0 -3316.711 0.117000    0.000    0.000    0.000  132.845 1.749 2077
Element:     846  0.200    2.5    0.00 0.000500  1471M0 -5000.0  5000.0 -3304.792 0.117000    0.000    0.000    0.000  134.503 1.765 2078
Element:     847  0.200    2.5    0.00 0.000500  1487M0 -5000.0  5000.0 -3311.468 0.117000    0.000    0.000    0.000  136.166 1.780 2079
Element:     848  0.200    2.5    0.00 0.000500  1472M0 -5000.0  5000.0 -3310.265 0.117000    0.000    0.000    0.000  137.859 1.752 2080
Element:     849  0.200    2.5    0.00 0.000500  1488M0 -5000.0  5000.0 -3309.044 0.117000    0.000    0.000    0.000  139.514 1.725 2081
Element:     850  0.200    2.5    0.00 0.000500  1473M0 -5000.0  5000.0 -3323.901 0.117000    0.000    0.000    0.000  141.198 1.741 2082
Element:     851  0.200    2.5    0.00 0.000500  1489M0 -5000.0  5000.0 -3307.118 0.117000    0.000    0.000    0.000  142.887 1.756 2083
Element:     852  0.200    2.5    0.00 0.000500  1474M0 -5000.0  5000.0 -3327.467 0.117000    0.000    0.000    0.000  144.583 1.773 2084
Element:     853  0.200    2.5    0.00 0.000500  1490M0 -5000.0  5000.0 -3310.008 0.117000    0.000    0.000    0.000  146.286 1.789 2085
Element:     854  0.200    2.5    0.00 0.000500  1475M0 -5000.0  5000.0 -3322.051 0.117000    0.000    0.000    0.000  147.995 1.804 2086
Element:     855  0.200    2.5    0.00 0.000500  1491M0 -5000.0  5000.0 -3316.479 0.117000    0.000    0.000    0.000  149.711 1.821 2087
Element:     856  0.200    2.5    0.00 0.000500  1476M0 -5000.0  5000.0 -3314.824 0.117000    0.000    0.000    0.000  151.452 1.801 2088
Element:     857  0.200    2.5    0.00 0.000500  1492M0 -5000.0  5000.0 -3312.501 0.117000    0.000    0.000    0.000  153.163 1.779 2089
Element:     858  0.200    2.5    0.00 0.000500  1477M0 -5000.0  5000.0 -3306.177 0.117000    0.000    0.000    0.000  154.899 1.795 2090
Element:     859  0.200    2.5    0.00 0.000500  1493M0 -5000.0  5000.0 -3313.206 0.117000    0.000    0.000    0.000  156.641 1.811 2091
Element:     860  0.200    2.5    0.00 0.000500  1478M0 -5000.0  5000.0 -3305.421 0.117000    0.000    0.000    0.000  158.390 1.827 2092
Element:     861  0.200    2.5    0.00 0.000500  1494M0 -5000.0  5000.0 -3307.622 0.117000    0.000    0.000    0.000  160.145 1.842 2093
Element:     862  0.200    2.5    0.00 0.000500  1479M0 -5000.0  5000.0 -3311.234 0.117000    0.000    0.000    0.000  161.909 1.859 2094
Element:     863  0.200    2.5    0.00 0.000500  1495M0 -5000.0  5000.0 -3308.644 0.117000    0.000    0.000    0.000  163.678 1.876 2095
##													     	       	     
## G 64 - 95  Section EF										     	       	     
##													     	       	     
Element:     864  0.200    2.5    0.00 0.000500  1496M0 -5000.0  5000.0 -3305.926 0.117000    0.000    0.000    0.000  165.454 1.892 2576
Element:     865  0.200    2.5    0.00 0.000500  1512M0 -5000.0  5000.0 -3309.201 0.117000    0.000    0.000    0.000  167.236 1.909 2577
Element:     866  0.200    2.5    0.00 0.000500  1497M0 -5000.0  5000.0 -3319.323 0.117000    0.000    0.000    0.000  169.025 1.925 2578
Element:     867  0.200    2.5    0.00 0.000500  1513M0 -5000.0  5000.0 -3318.229 0.117000    0.000    0.000    0.000  170.844 1.895 2579
Element:     868  0.200    2.5    0.00 0.000500  1498M0 -5000.0  5000.0 -3314.550 0.117000    0.000    0.000    0.000  172.623 1.865 2580
Element:     869  0.200    2.5    0.00 0.000500  1514M0 -5000.0  5000.0 -3317.891 0.117000    0.000    0.000    0.000  174.432 1.882 2581
Element:     870  0.200    2.5    0.00 0.000500  1499M0 -5000.0  5000.0 -3308.672 0.117000    0.000    0.000    0.000  176.248 1.897 2582
Element:     871  0.200    2.5    0.00 0.000500  1515M0 -5000.0  5000.0 -3307.889 0.117000    0.000    0.000    0.000  178.070 1.914 2583
Element:     872  0.200    2.5    0.00 0.000500  1500M0 -5000.0  5000.0 -3314.640 0.117000    0.000    0.000    0.000  179.900 1.930 2584
Element:     873  0.200    2.5    0.00 0.000500  1516M0 -5000.0  5000.0 -3318.320 0.117000    0.000    0.000    0.000  181.736 1.946 2585
Element:     874  0.200    2.5    0.00 0.000500  1501M0 -5000.0  5000.0 -3303.157 0.117000    0.000    0.000    0.000  183.578 1.962 2586
Element:     875  0.200    2.5    0.00 0.000500  1517M0 -5000.0  5000.0 -3316.048 0.117000    0.000    0.000    0.000  185.427 1.979 2587
Element:     876  0.200    2.5    0.00 0.000500  1502M0 -5000.0  5000.0 -3315.121 0.117000    0.000    0.000    0.000  187.303 1.957 2588
Element:     877  0.200    2.5    0.00 0.000500  1518M0 -5000.0  5000.0 -3307.246 0.117000    0.000    0.000    0.000  189.146 1.932 2589
Element:     878  0.200    2.5    0.00 0.000500  1503M0 -5000.0  5000.0 -3298.567 0.117000    0.000    0.000    0.000  191.014 1.949 2590
Element:     879  0.200    2.5    0.00 0.000500  1519M0 -5000.0  5000.0 -3313.563 0.117000    0.000    0.000    0.000  192.890 1.964 2591
Element:     880  0.200    2.5    0.00 0.000500  1504M0 -5000.0  5000.0 -3306.088 0.117000    0.000    0.000    0.000  194.772 1.983 2592
Element:     881  0.200    2.5    0.00 0.000500  1520M0 -5000.0  5000.0 -3308.752 0.117000    0.000    0.000    0.000  196.661 1.997 2593
Element:     882  0.200    2.5    0.00 0.000500  1505M0 -5000.0  5000.0 -3318.904 0.117000    0.000    0.000    0.000  198.556 2.014 2594
Element:     883  0.200    2.5    0.00 0.000500  1521M0 -5000.0  5000.0 -3307.302 0.117000    0.000    0.000    0.000  200.458 2.030 2595
Element:     884  0.200    2.5    0.00 0.000500  1506M0 -5000.0  5000.0 -3321.323 0.117000    0.000    0.000    0.000  202.366 2.048 2596
Element:     885  0.200    2.5    0.00 0.000500  1522M0 -5000.0  5000.0 -3315.928 0.117000    0.000    0.000    0.000  204.302 2.022 2597
Element:     886  0.200    2.5    0.00 0.000500  1507M0 -5000.0  5000.0 -3322.113 0.117000    0.000    0.000    0.000  206.202 1.996 2598
Element:     887  0.200    2.5    0.00 0.000500  1523M0 -5000.0  5000.0 -3319.346 0.117000    0.000    0.000    0.000  208.130 2.013 2599
Element:     888  0.200    2.5    0.00 0.000500  1508M0 -5000.0  5000.0 -3316.204 0.117000    0.000    0.000    0.000  210.065 2.029 2600
Element:     889  0.200    2.5    0.00 0.000500  1524M0 -5000.0  5000.0 -3301.065 0.117000    0.000    0.000    0.000  212.005 2.045 2601
Element:     890  0.200    2.5    0.00 0.000500  1509M0 -5000.0  5000.0 -3311.281 0.117000    0.000    0.000    0.000  213.952 2.061 2602
Element:     891  0.200    2.5    0.00 0.000500  1525M0 -5000.0  5000.0 -3311.274 0.117000    0.000    0.000    0.000  215.905 2.077 2603
Element:     892  0.200    2.5    0.00 0.000500  1510M0 -5000.0  5000.0 -3309.342 0.117000    0.000    0.000    0.000  217.865 2.094 2604
Element:     893  0.200    2.5    0.00 0.000500  1526M0 -5000.0  5000.0 -3310.682 0.117000    0.000    0.000    0.000  219.831 2.111 2605
Element:     894  0.200    2.5    0.00 0.000500  1511M0 -5000.0  5000.0 -3303.144 0.117000    0.000    0.000    0.000  221.822 2.090 2606
Element:     895  0.200    2.5    0.00 0.000500  1527M0 -5000.0  5000.0 -3296.176 0.117000    0.000    0.000    0.000  223.781 2.068 2607
##													     	       	     
## G 96 - 127  Section GH										     	       	     
##													     	       	     
Element:     896  0.200    2.5    0.00 0.000500  1528M0 -5000.0  5000.0 -3155.900 0.117000    0.000    0.000    0.000  225.766 2.085 2288
Element:     897  0.200    2.5    0.00 0.000500  1544M0 -5000.0  5000.0 -3312.220 0.117000    0.000    0.000    0.000  227.757 2.101 2289
Element:     898  0.200    2.5    0.00 0.000500  1529M0 -5000.0  5000.0 -3312.044 0.117000    0.000    0.000    0.000  229.755 2.117 2290
Element:     899  0.200    2.5    0.00 0.000500  1545M0 -5000.0  5000.0 -3305.894 0.117000    0.000    0.000    0.000  231.758 2.134 2291
Element:     900  0.200    2.5    0.00 0.000500  1530M0 -5000.0  5000.0 -3307.119 0.117000    0.000    0.000    0.000  233.767 2.151 2292
Element:     901  0.200    2.5    0.00 0.000500  1546M0 -5000.0  5000.0 -3306.027 0.117000    0.000    0.000    0.000  235.783 2.167 2293
Element:     902  0.200    2.5    0.00 0.000500  1531M0 -5000.0  5000.0 -3305.335 0.117000    0.000    0.000    0.000  237.805 2.183 2294
Element:     903  0.200    2.5    0.00 0.000500  1547M0 -5000.0  5000.0 -3304.971 0.117000    0.000    0.000    0.000  239.856 2.154 2295
Element:     904  0.200    2.5    0.00 0.000500  1532M0 -5000.0  5000.0 -3306.299 0.117000    0.000    0.000    0.000  241.867 2.124 2296
Element:     905  0.200    2.5    0.00 0.000500  1548M0 -5000.0  5000.0 -3307.075 0.117000    0.000    0.000    0.000  243.906 2.140 2297
Element:     906  0.200    2.5    0.00 0.000500  1533M0 -5000.0  5000.0 -3302.186 0.117000    0.000    0.000    0.000  245.952 2.157 2298
Element:     907  0.200    2.5    0.00 0.000500  1549M0 -5000.0  5000.0 -3305.836 0.117000    0.000    0.000    0.000  248.004 2.172 2299
Element:     908  0.200    2.5    0.00 0.000500  1534M0 -5000.0  5000.0 -3298.628 0.117000    0.000    0.000    0.000  250.061 2.189 2300
Element:     909  0.200    2.5    0.00 0.000500  1550M0 -5000.0  5000.0 -3298.906 0.117000    0.000    0.000    0.000  252.125 2.206 2301
Element:     910  0.200    2.5    0.00 0.000500  1535M0 -5000.0  5000.0 -3295.002 0.117000    0.000    0.000    0.000  254.195 2.222 2302
Element:     911  0.200    2.5    0.00 0.000500  1551M0 -5000.0  5000.0 -3304.374 0.117000    0.000    0.000    0.000  256.269 2.239 2303
Element:     912  0.200    2.5    0.00 0.000500  1536M0 -5000.0  5000.0 -3300.419 0.117000    0.000    0.000    0.000  258.351 2.255 2304
Element:     913  0.200    2.5    0.00 0.000500  1552M0 -5000.0  5000.0 -3304.327 0.117000    0.000    0.000    0.000  260.459 2.230 2305
Element:     914  0.200    2.5    0.00 0.000500  1537M0 -5000.0  5000.0 -3315.010 0.117000    0.000    0.000    0.000  262.529 2.204 2306
Element:     915  0.200    2.5    0.00 0.000500  1553M0 -5000.0  5000.0 -3304.671 0.117000    0.000    0.000    0.000  264.628 2.220 2307
Element:     916  0.200    2.5    0.00 0.000500  1538M0 -5000.0  5000.0 -3318.574 0.117000    0.000    0.000    0.000  266.731 2.237 2308
Element:     917  0.200    2.5    0.00 0.000500  1554M0 -5000.0  5000.0 -3304.450 0.117000    0.000    0.000    0.000  268.841 2.253 2309
Element:     918  0.200    2.5    0.00 0.000500  1539M0 -5000.0  5000.0 -3299.844 0.117000    0.000    0.000    0.000  270.956 2.269 2310
Element:     919  0.200    2.5    0.00 0.000500  1555M0 -5000.0  5000.0 -3300.107 0.117000    0.000    0.000    0.000  273.076 2.287 2311
Element:     920  0.200    2.5    0.00 0.000500  1540M0 -5000.0  5000.0 -3303.730 0.117000    0.000    0.000    0.000  275.202 2.303 2312
Element:     921  0.200    2.5    0.00 0.000500  1556M0 -5000.0  5000.0 -3289.199 0.117000    0.000    0.000    0.000  277.334 2.319 2313
Element:     922  0.200    2.5    0.00 0.000500  1541M0 -5000.0  5000.0 -3299.716 0.117000    0.000    0.000    0.000  279.470 2.336 2314
Element:     923  0.200    2.5    0.00 0.000500  1557M0 -5000.0  5000.0 -3293.876 0.117000    0.000    0.000    0.000  281.638 2.301 2315
Element:     924  0.200    2.5    0.00 0.000500  1542M0 -5000.0  5000.0 -3287.672 0.117000    0.000    0.000    0.000  283.760 2.266 2316
Element:     925  0.200    2.5    0.00 0.000500  1558M0 -5000.0  5000.0 -3288.734 0.117000    0.000    0.000    0.000  285.913 2.281 2317
Element:     926  0.200    2.5    0.00 0.000500  1543M0 -5000.0  5000.0 -3292.342 0.117000    0.000    0.000    0.000  288.071 2.298 2318
Element:     927  0.200    2.5    0.00 0.000500  1559M0 -5000.0  5000.0 -3284.706 0.117000    0.000    0.000    0.000  290.235 2.315 2319
##													     	       	     
## G 128 - 159  Section IJ										     	       	     
##													     	       	     
Element:     928  0.200    2.5    0.00 0.000500  1560M0 -5000.0  5000.0 -3281.711 0.117000    0.000    0.000    0.000  292.403 2.331 2000
Element:     929  0.200    2.5    0.00 0.000500  1576M0 -5000.0  5000.0 -3280.723 0.117000    0.000    0.000    0.000  294.577 2.348 2001
Element:     930  0.200    2.5    0.00 0.000500  1561M0 -5000.0  5000.0 -3286.564 0.117000    0.000    0.000    0.000  296.756 2.364 2002
Element:     931  0.200    2.5    0.00 0.000500  1577M0 -5000.0  5000.0 -3294.809 0.117000    0.000    0.000    0.000  298.940 2.380 2003
Element:     932  0.200    2.5    0.00 0.000500  1562M0 -5000.0  5000.0 -3295.140 0.117000    0.000    0.000    0.000  301.130 2.396 2004
Element:     933  0.200    2.5    0.00 0.000500  1578M0 -5000.0  5000.0 -3286.718 0.117000    0.000    0.000    0.000  303.350 2.359 2005
Element:     934  0.200    2.5    0.00 0.000500  1563M0 -5000.0  5000.0 -3293.634 0.117000    0.000    0.000    0.000  305.522 2.321 2006
Element:     935  0.200    2.5    0.00 0.000500  1579M0 -5000.0  5000.0 -3299.562 0.117000    0.000    0.000    0.000  307.726 2.337 2007
Element:     936  0.200    2.5    0.00 0.000500  1564M0 -5000.0  5000.0 -3300.741 0.117000    0.000    0.000    0.000  309.935 2.354 2008
Element:     937  0.200    2.5    0.00 0.000500  1580M0 -5000.0  5000.0 -3295.212 0.117000    0.000    0.000    0.000  312.149 2.369 2009
Element:     938  0.200    2.5    0.00 0.000500  1565M0 -5000.0  5000.0 -3284.671 0.117000    0.000    0.000    0.000  314.368 2.386 2010
Element:     939  0.200    2.5    0.00 0.000500  1581M0 -5000.0  5000.0 -3296.570 0.117000    0.000    0.000    0.000  316.591 2.402 2011
Element:     940  0.200    2.5    0.00 0.000500  1566M0 -5000.0  5000.0 -3289.091 0.117000    0.000    0.000    0.000  318.819 2.418 2012
Element:     941  0.200    2.5    0.00 0.000500  1582M0 -5000.0  5000.0 -3288.965 0.117000    0.000    0.000    0.000  321.052 2.435 2013
Element:     942  0.200    2.5    0.00 0.000500  1567M0 -5000.0  5000.0 -3287.027 0.117000    0.000    0.000    0.000  323.289 2.451 2014
Element:     943  0.200    2.5    0.00 0.000500  1583M0 -5000.0  5000.0 -3295.051 0.117000    0.000    0.000    0.000  325.527 2.468 2015
Element:     944  0.200    2.5    0.00 0.000500  1568M0 -5000.0  5000.0 -3293.916 0.117000    0.000    0.000    0.000  327.818 2.427 2016
Element:     945  0.200    2.5    0.00 0.000500  1584M0 -5000.0  5000.0 -3290.479 0.117000    0.000    0.000    0.000  330.057 2.386 2017
Element:     946  0.200    2.5    0.00 0.000500  1569M0 -5000.0  5000.0 -3295.843 0.117000    0.000    0.000    0.000  332.329 2.402 2018
Element:     947  0.200    2.5    0.00 0.000500  1585M0 -5000.0  5000.0 -3272.140 0.117000    0.000    0.000    0.000  334.604 2.418 2019
Element:     948  0.200    2.5    0.00 0.000500  1570M0 -5000.0  5000.0 -3287.252 0.117000    0.000    0.000    0.000  336.885 2.434 2020
Element:     949  0.200    2.5    0.00 0.000500  1586M0 -5000.0  5000.0 -3280.017 0.117000    0.000    0.000    0.000  339.170 2.449 2021
Element:     950  0.200    2.5    0.00 0.000500  1571M0 -5000.0  5000.0 -3291.398 0.117000    0.000    0.000    0.000  341.460 2.466 2022
Element:     951  0.200    2.5    0.00 0.000500  1587M0 -5000.0  5000.0 -3288.673 0.117000    0.000    0.000    0.000  343.753 2.482 2023
Element:     952  0.200    2.5    0.00 0.000500  1572M0 -5000.0  5000.0 -3297.266 0.117000    0.000    0.000    0.000  346.050 2.498 2024
Element:     953  0.200    2.5    0.00 0.000500  1588M0 -5000.0  5000.0 -3280.548 0.117000    0.000    0.000    0.000  348.352 2.515 2025
Element:     954  0.200    2.5    0.00 0.000500  1573M0 -5000.0  5000.0 -3288.641 0.117000    0.000    0.000    0.000  350.658 2.530 2026
Element:     955  0.200    2.5    0.00 0.000500  1589M0 -5000.0  5000.0 -3284.528 0.117000    0.000    0.000    0.000  352.998 2.487 2027
Element:     956  0.200    2.5    0.00 0.000500  1574M0 -5000.0  5000.0 -3285.963 0.117000    0.000    0.000    0.000  355.283 2.442 2028
Element:     957  0.200    2.5    0.00 0.000500  1590M0 -5000.0  5000.0 -3282.374 0.117000    0.000    0.000    0.000  357.601 2.460 2029
Element:     958  0.200    2.5    0.00 0.000500  1575M0 -5000.0  5000.0 -3282.133 0.117000    0.000    0.000    0.000  359.923 2.474 2030
Element:     959  0.200    2.5    0.00 0.000500  1591M0 -5000.0  5000.0 -3279.210 0.117000    0.000    0.000    0.000  362.249 2.491 2031
##													     	       	     
## G 160 - 191  Section KL										     	       	     
##													     	       	     
Element:     960  0.200    2.5    0.00 0.000500  1592M0 -5000.0  5000.0 -3286.062 0.117000    0.000    0.000    0.000  364.579 2.506 2352
Element:     961  0.200    2.5    0.00 0.000500  1608M0 -5000.0  5000.0 -3293.009 0.117000    0.000    0.000    0.000  366.913 2.521 2353
Element:     962  0.200    2.5    0.00 0.000500  1593M0 -5000.0  5000.0 -3287.346 0.117000    0.000    0.000    0.000  369.250 2.538 2354
Element:     963  0.200    2.5    0.00 0.000500  1609M0 -5000.0  5000.0 -3293.209 0.117000    0.000    0.000    0.000  371.592 2.553 2355
Element:     964  0.200    2.5    0.00 0.000500  1594M0 -5000.0  5000.0 -3280.574 0.117000    0.000    0.000    0.000  373.937 2.569 2356
Element:     965  0.200    2.5    0.00 0.000500  1610M0 -5000.0  5000.0 -3274.962 0.117000    0.000    0.000    0.000  376.286 2.585 2357
Element:     966  0.200    2.5    0.00 0.000500  1595M0 -5000.0  5000.0 -3277.172 0.117000    0.000    0.000    0.000  378.669 2.539 2358
Element:     967  0.200    2.5    0.00 0.000500  1611M0 -5000.0  5000.0 -3277.067 0.117000    0.000    0.000    0.000  380.994 2.491 2359
Element:     968  0.200    2.5    0.00 0.000500  1596M0 -5000.0  5000.0 -3288.082 0.117000    0.000    0.000    0.000  383.354 2.507 2360
Element:     969  0.200    2.5    0.00 0.000500  1612M0 -5000.0  5000.0 -3290.169 0.117000    0.000    0.000    0.000  385.717 2.524 2361
Element:     970  0.200    2.5    0.00 0.000500  1597M0 -5000.0  5000.0 -3278.676 0.117000    0.000    0.000    0.000  388.084 2.538 2362
Element:     971  0.200    2.5    0.00 0.000500  1613M0 -5000.0  5000.0 -3282.866 0.117000    0.000    0.000    0.000  390.454 2.554 2363
Element:     972  0.200    2.5    0.00 0.000500  1598M0 -5000.0  5000.0 -3285.419 0.117000    0.000    0.000    0.000  392.827 2.570 2364
Element:     973  0.200    2.5    0.00 0.000500  1614M0 -5000.0  5000.0 -3292.304 0.117000    0.000    0.000    0.000  395.204 2.584 2365
Element:     974  0.200    2.5    0.00 0.000500  1599M0 -5000.0  5000.0 -3281.345 0.117000    0.000    0.000    0.000  397.584 2.601 2366
Element:     975  0.200    2.5    0.00 0.000500  1615M0 -5000.0  5000.0 -3285.575 0.117000    0.000    0.000    0.000  399.967 2.615 2367
Element:     976  0.200    2.5    0.00 0.000500  1600M0 -5000.0  5000.0 -3289.128 0.117000    0.000    0.000    0.000  402.353 2.631 2368
Element:     977  0.200    2.5    0.00 0.000500  1616M0 -5000.0  5000.0 -3286.518 0.117000    0.000    0.000    0.000  404.770 2.592 2369
Element:     978  0.200    2.5    0.00 0.000500  1601M0 -5000.0  5000.0 -3285.112 0.117000    0.000    0.000    0.000  407.136 2.551 2370
Element:     979  0.200    2.5    0.00 0.000500  1617M0 -5000.0  5000.0 -3270.743 0.117000    0.000    0.000    0.000  409.531 2.567 2371
Element:     980  0.200    2.5    0.00 0.000500  1602M0 -5000.0  5000.0 -3283.445 0.117000    0.000    0.000    0.000  411.930 2.581 2372
Element:     981  0.200    2.5    0.00 0.000500  1618M0 -5000.0  5000.0 -3278.519 0.117000    0.000    0.000    0.000  414.331 2.597 2373
Element:     982  0.200    2.5    0.00 0.000500  1603M0 -5000.0  5000.0 -3291.447 0.117000    0.000    0.000    0.000  416.736 2.612 2374
Element:     983  0.200    2.5    0.00 0.000500  1619M0 -5000.0  5000.0 -3280.099 0.117000    0.000    0.000    0.000  419.144 2.627 2375
Element:     984  0.200    2.5    0.00 0.000500  1604M0 -5000.0  5000.0 -3281.171 0.117000    0.000    0.000    0.000  421.554 2.642 2376
Element:     985  0.200    2.5    0.00 0.000500  1620M0 -5000.0  5000.0 -3273.035 0.117000    0.000    0.000    0.000  423.967 2.657 2377
Element:     986  0.200    2.5    0.00 0.000500  1605M0 -5000.0  5000.0 -3273.326 0.117000    0.000    0.000    0.000  426.383 2.672 2378
Element:     987  0.200    2.5    0.00 0.000500  1621M0 -5000.0  5000.0 -3318.577 0.117000    0.000    0.000    0.000  428.802 2.688 2379
Element:     988  0.200    2.5    0.00 0.000500  1606M0 -5000.0  5000.0 -3277.496 0.117000    0.000    0.000    0.000  431.257 2.636 2380
Element:     989  0.200    2.5    0.00 0.000500  1622M0 -5000.0  5000.0 -3264.331 0.117000    0.000    0.000    0.000  433.647 2.583 2381
Element:     990  0.200    2.5    0.00 0.000500  1607M0 -5000.0  5000.0 -3271.664 0.117000    0.000    0.000    0.000  436.074 2.598 2382
Element:     991  0.200    2.5    0.00 0.000500  1623M0 -5000.0  5000.0 -3263.721 0.117000    0.000    0.000    0.000  438.503 2.613 2383
##													     	       	     
## G 192 - 223  Section MN										     	       	     
##													     	       	     
Element:     992  0.200    2.5    0.00 0.000500  1624M0 -5000.0  5000.0 -3243.170 0.117000    0.000    0.000    0.000  440.935 2.628 2640
Element:     993  0.200    2.5    0.00 0.000500  1640M0 -5000.0  5000.0 -3279.211 0.117000    0.000    0.000    0.000  443.369 2.642 2641
Element:     994  0.200    2.5    0.00 0.000500  1625M0 -5000.0  5000.0 -3281.874 0.117000    0.000    0.000    0.000  445.805 2.658 2642
Element:     995  0.200    2.5    0.00 0.000500  1641M0 -5000.0  5000.0 -3286.856 0.117000    0.000    0.000    0.000  448.244 2.672 2643
Element:     996  0.200    2.5    0.00 0.000500  1626M0 -5000.0  5000.0 -3291.949 0.117000    0.000    0.000    0.000  450.686 2.687 2644
Element:     997  0.200    2.5    0.00 0.000500  1642M0 -5000.0  5000.0 -3293.958 0.117000    0.000    0.000    0.000  453.129 2.702 2645
Element:     998  0.200    2.5    0.00 0.000500  1627M0 -5000.0  5000.0 -3278.477 0.117000    0.000    0.000    0.000  455.576 2.717 2646
Element:     999  0.200    2.5    0.00 0.000500  1643M0 -5000.0  5000.0 -3279.139 0.117000    0.000    0.000    0.000  458.023 2.731 2647
Element:    1000  0.200    2.5    0.00 0.000500  1628M0 -5000.0  5000.0 -3280.735 0.117000    0.000    0.000    0.000  460.504 2.687 2648
Element:    1001  0.200    2.5    0.00 0.000500  1644M0 -5000.0  5000.0 -3280.977 0.117000    0.000    0.000    0.000  462.926 2.641 2649
Element:    1002  0.200    2.5    0.00 0.000500  1629M0 -5000.0  5000.0 -3279.866 0.117000    0.000    0.000    0.000  465.381 2.655 2650
Element:    1003  0.200    2.5    0.00 0.000500  1645M0 -5000.0  5000.0 -3288.312 0.117000    0.000    0.000    0.000  467.837 2.670 2651
Element:    1004  0.200    2.5    0.00 0.000500  1630M0 -5000.0  5000.0 -3274.234 0.117000    0.000    0.000    0.000  470.296 2.684 2652
Element:    1005  0.200    2.5    0.00 0.000500  1646M0 -5000.0  5000.0 -3281.455 0.117000    0.000    0.000    0.000  472.756 2.699 2653
Element:    1006  0.200    2.5    0.00 0.000500  1631M0 -5000.0  5000.0 -3282.266 0.117000    0.000    0.000    0.000  475.218 2.714 2654
Element:    1007  0.200    2.5    0.00 0.000500  1647M0 -5000.0  5000.0 -3282.655 0.117000    0.000    0.000    0.000  477.682 2.728 2655
Element:    1008  0.200    2.5    0.00 0.000500  1632M0 -5000.0  5000.0 -3275.122 0.117000    0.000    0.000    0.000  480.149 2.742 2656
Element:    1009  0.200    2.5    0.00 0.000500  1648M0 -5000.0  5000.0 -3264.196 0.117000    0.000    0.000    0.000  482.617 2.757 2657
Element:    1010  0.200    2.5    0.00 0.000500  1633M0 -5000.0  5000.0 -3271.410 0.117000    0.000    0.000    0.000  485.086 2.772 2658
Element:    1011  0.200    2.5    0.00 0.000500  1649M0 -5000.0  5000.0 -3256.119 0.117000    0.000    0.000    0.000  487.558 2.786 2659
Element:    1012  0.200    2.5    0.00 0.000500  1634M0 -5000.0  5000.0 -3271.286 0.117000    0.000    0.000    0.000  490.068 2.728 2660
Element:    1013  0.200    2.5    0.00 0.000500  1650M0 -5000.0  5000.0 -3266.388 0.117000    0.000    0.000    0.000  492.506 2.668 2661
Element:    1014  0.200    2.5    0.00 0.000500  1635M0 -5000.0  5000.0 -3269.809 0.117000    0.000    0.000    0.000  494.982 2.683 2662
Element:    1015  0.200    2.5    0.00 0.000500  1651M0 -5000.0  5000.0 -3264.127 0.117000    0.000    0.000    0.000  497.460 2.696 2663
Element:    1016  0.200    2.5    0.00 0.000500  1636M0 -5000.0  5000.0 -3278.192 0.117000    0.000    0.000    0.000  499.939 2.711 2664
Element:    1017  0.200    2.5    0.00 0.000500  1652M0 -5000.0  5000.0 -3272.089 0.117000    0.000    0.000    0.000  502.420 2.725 2665
Element:    1018  0.200    2.5    0.00 0.000500  1637M0 -5000.0  5000.0 -3273.507 0.117000    0.000    0.000    0.000  504.902 2.739 2666
Element:    1019  0.200    2.5    0.00 0.000500  1653M0 -5000.0  5000.0 -3264.831 0.117000    0.000    0.000    0.000  507.386 2.753 2667
Element:    1020  0.200    2.5    0.00 0.000500  1638M0 -5000.0  5000.0 -3264.973 0.117000    0.000    0.000    0.000  509.871 2.767 2668
Element:    1021  0.200    2.5    0.00 0.000500  1654M0 -5000.0  5000.0 -3267.865 0.117000    0.000    0.000    0.000  512.358 2.781 2669
Element:    1022  0.200    2.5    0.00 0.000500  1639M0 -5000.0  5000.0 -3262.532 0.117000    0.000    0.000    0.000  514.845 2.795 2670
Element:    1023  0.200    2.5    0.00 0.000500  1655M0 -5000.0  5000.0 -3256.530 0.117000    0.000    0.000    0.000  517.334 2.810 2671
##													     	       	     
## G 224 - 255  Section OP										     	       	     
##													     	       	     
Element:    1024  0.200    2.5    0.00 0.000500  1656M0 -5000.0  5000.0 -3265.781 0.117000    0.000    0.000    0.000  519.862 2.749 2032
Element:    1025  0.200    2.5    0.00 0.000500  1672M0 -5000.0  5000.0 -3263.020 0.117000    0.000    0.000    0.000  522.315 2.685 2033
Element:    1026  0.200    2.5    0.00 0.000500  1657M0 -5000.0  5000.0 -3267.581 0.117000    0.000    0.000    0.000  524.807 2.699 2034
Element:    1027  0.200    2.5    0.00 0.000500  1673M0 -5000.0  5000.0 -3274.327 0.117000    0.000    0.000    0.000  527.301 2.713 2035
Element:    1028  0.200    2.5    0.00 0.000500  1658M0 -5000.0  5000.0 -3278.678 0.117000    0.000    0.000    0.000  529.796 2.727 2036
Element:    1029  0.200    2.5    0.00 0.000500  1674M0 -5000.0  5000.0 -3273.125 0.117000    0.000    0.000    0.000  532.291 2.741 2037
Element:    1030  0.200    2.5    0.00 0.000500  1659M0 -5000.0  5000.0 -3272.594 0.117000    0.000    0.000    0.000  534.787 2.755 2038
Element:    1031  0.200    2.5    0.00 0.000500  1675M0 -5000.0  5000.0 -3278.189 0.117000    0.000    0.000    0.000  537.285 2.767 2039
Element:    1032  0.200    2.5    0.00 0.000500  1660M0 -5000.0  5000.0 -3280.751 0.117000    0.000    0.000    0.000  539.783 2.781 2040
Element:    1033  0.200    2.5    0.00 0.000500  1676M0 -5000.0  5000.0 -3282.560 0.117000    0.000    0.000    0.000  542.283 2.796 2041
Element:    1034  0.200    2.5    0.00 0.000500  1661M0 -5000.0  5000.0 -3259.406 0.117000    0.000    0.000    0.000  544.782 2.809 2042
Element:    1035  0.200    2.5    0.00 0.000500  1677M0 -5000.0  5000.0 -3278.110 0.117000    0.000    0.000    0.000  547.283 2.822 2043
Element:    1036  0.200    2.5    0.00 0.000500  1662M0 -5000.0  5000.0 -3270.061 0.117000    0.000    0.000    0.000  549.818 2.769 2044
Element:    1037  0.200    2.5    0.00 0.000500  1678M0 -5000.0  5000.0 -3270.552 0.117000    0.000    0.000    0.000  552.287 2.715 2045
Element:    1038  0.200    2.5    0.00 0.000500  1663M0 -5000.0  5000.0 -3265.568 0.117000    0.000    0.000    0.000  554.790 2.728 2046
Element:    1039  0.200    2.5    0.00 0.000500  1679M0 -5000.0  5000.0 -3275.000 0.117000    0.000    0.000    0.000  557.294 2.742 2047
Element:    1040  0.200    2.5    0.00 0.000500  1664M0 -5000.0  5000.0 -3270.655 0.117000    0.000    0.000    0.000  559.798 2.755 2048
Element:    1041  0.200    2.5    0.00 0.000500  1680M0 -5000.0  5000.0 -3264.340 0.117000    0.000    0.000    0.000  562.302 2.767 2049
Element:    1042  0.200    2.5    0.00 0.000500  1665M0 -5000.0  5000.0 -3251.770 0.117000    0.000    0.000    0.000  564.808 2.781 2050
Element:    1043  0.200    2.5    0.00 0.000500  1681M0 -5000.0  5000.0 -3253.230 0.117000    0.000    0.000    0.000  567.314 2.794 2051
Element:    1044  0.200    2.5    0.00 0.000500  1666M0 -5000.0  5000.0 -3267.137 0.117000    0.000    0.000    0.000  569.820 2.807 2052
Element:    1045  0.200    2.5    0.00 0.000500  1682M0 -5000.0  5000.0 -3256.635 0.117000    0.000    0.000    0.000  572.327 2.820 2053
Element:    1046  0.200    2.5    0.00 0.000500  1667M0 -5000.0  5000.0 -3258.344 0.117000    0.000    0.000    0.000  574.873 2.833 2054
Element:    1047  0.200    2.5    0.00 0.000500  1683M0 -5000.0  5000.0 -3258.570 0.117000    0.000    0.000    0.000  577.410 2.847 2055
Element:    1048  0.200    2.5    0.00 0.000500  1668M0 -5000.0  5000.0 -3270.066 0.117000    0.000    0.000    0.000  579.982 2.791 2056
Element:    1049  0.200    2.5    0.00 0.000500  1684M0 -5000.0  5000.0 -3261.863 0.117000    0.000    0.000    0.000  582.485 2.734 2057
Element:    1050  0.200    2.5    0.00 0.000500  1669M0 -5000.0  5000.0 -3272.210 0.117000    0.000    0.000    0.000  585.022 2.747 2058
Element:    1051  0.200    2.5    0.00 0.000500  1685M0 -5000.0  5000.0 -3261.292 0.117000    0.000    0.000    0.000  587.560 2.759 2059
Element:    1052  0.200    2.5    0.00 0.000500  1670M0 -5000.0  5000.0 -3267.136 0.117000    0.000    0.000    0.000  590.098 2.772 2060
Element:    1053  0.200    2.5    0.00 0.000500  1686M0 -5000.0  5000.0 -3265.174 0.117000    0.000    0.000    0.000  592.636 2.785 2061
Element:    1054  0.200    2.5    0.00 0.000500  1671M0 -5000.0  5000.0 -3254.891 0.117000    0.000    0.000    0.000  595.175 2.798 2062
Element:    1055  0.200    2.5    0.00 0.000500  1687M0 -5000.0  5000.0 -3246.191 0.117000    0.000    0.000    0.000  597.714 2.811 2063
##													     	       	     
## G 256 - 287  Section QR										     	       	     
##													     	       	     
Element:    1056  0.200    2.5    0.00 0.000500  1688M0 -5000.0  5000.0 -3245.269 0.117000    0.000    0.000    0.000  600.252 2.823 2320
Element:    1057  0.200    2.5    0.00 0.000500  1704M0 -5000.0  5000.0 -3249.544 0.117000    0.000    0.000    0.000  602.790 2.836 2321
Element:    1058  0.200    2.5    0.00 0.000500  1689M0 -5000.0  5000.0 -3247.559 0.117000    0.000    0.000    0.000  605.329 2.848 2322
Element:    1059  0.200    2.5    0.00 0.000500  1705M0 -5000.0  5000.0 -3253.040 0.117000    0.000    0.000    0.000  607.868 2.861 2323
Element:    1060  0.200    2.5    0.00 0.000500  1690M0 -5000.0  5000.0 -3250.723 0.117000    0.000    0.000    0.000  610.442 2.803 2324
Element:    1061  0.200    2.5    0.00 0.000500  1706M0 -5000.0  5000.0 -3251.849 0.117000    0.000    0.000    0.000  612.945 2.743 2325
Element:    1062  0.200    2.5    0.00 0.000500  1691M0 -5000.0  5000.0 -3247.382 0.117000    0.000    0.000    0.000  615.483 2.756 2326
Element:    1063  0.200    2.5    0.00 0.000500  1707M0 -5000.0  5000.0 -3246.965 0.117000    0.000    0.000    0.000  618.021 2.769 2327
Element:    1064  0.200    2.5    0.00 0.000500  1692M0 -5000.0  5000.0 -3250.980 0.117000    0.000    0.000    0.000  620.559 2.780 2328
Element:    1065  0.200    2.5    0.00 0.000500  1708M0 -5000.0  5000.0 -3259.011 0.117000    0.000    0.000    0.000  623.097 2.793 2329
Element:    1066  0.200    2.5    0.00 0.000500  1693M0 -5000.0  5000.0 -3255.111 0.117000    0.000    0.000    0.000  625.635 2.805 2330
Element:    1067  0.200    2.5    0.00 0.000500  1709M0 -5000.0  5000.0 -3251.793 0.117000    0.000    0.000    0.000  628.172 2.817 2331
Element:    1068  0.200    2.5    0.00 0.000500  1694M0 -5000.0  5000.0 -3247.173 0.117000    0.000    0.000    0.000  630.709 2.829 2332
Element:    1069  0.200    2.5    0.00 0.000500  1710M0 -5000.0  5000.0 -3258.823 0.117000    0.000    0.000    0.000  633.246 2.842 2333
Element:    1070  0.200    2.5    0.00 0.000500  1695M0 -5000.0  5000.0 -3256.583 0.117000    0.000    0.000    0.000  635.782 2.854 2334
Element:    1071  0.200    2.5    0.00 0.000500  1711M0 -5000.0  5000.0 -3258.122 0.117000    0.000    0.000    0.000  638.318 2.866 2335
Element:    1072  0.200    2.5    0.00 0.000500  1696M0 -5000.0  5000.0 -3258.171 0.117000    0.000    0.000    0.000  640.884 2.817 2336
Element:    1073  0.200    2.5    0.00 0.000500  1712M0 -5000.0  5000.0 -3245.818 0.117000    0.000    0.000    0.000  643.389 2.768 2337
Element:    1074  0.200    2.5    0.00 0.000500  1697M0 -5000.0  5000.0 -3240.822 0.117000    0.000    0.000    0.000  645.925 2.780 2338
Element:    1075  0.200    2.5    0.00 0.000500  1713M0 -5000.0  5000.0 -3239.707 0.117000    0.000    0.000    0.000  648.396 2.791 2339
Element:    1076  0.200    2.5    0.00 0.000500  1698M0 -5000.0  5000.0 -3250.591 0.117000    0.000    0.000    0.000  650.867 2.803 2340
Element:    1077  0.200    2.5    0.00 0.000500  1714M0 -5000.0  5000.0 -3249.719 0.117000    0.000    0.000    0.000  653.336 2.816 2341
Element:    1078  0.200    2.5    0.00 0.000500  1699M0 -5000.0  5000.0 -3247.061 0.117000    0.000    0.000    0.000  655.806 2.828 2342
Element:    1079  0.200    2.5    0.00 0.000500  1715M0 -5000.0  5000.0 -3245.034 0.117000    0.000    0.000    0.000  658.274 2.839 2343
Element:    1080  0.200    2.5    0.00 0.000500  1700M0 -5000.0  5000.0 -3246.571 0.117000    0.000    0.000    0.000  660.742 2.850 2344
Element:    1081  0.200    2.5    0.00 0.000500  1716M0 -5000.0  5000.0 -3242.983 0.117000    0.000    0.000    0.000  663.210 2.863 2345
Element:    1082  0.200    2.5    0.00 0.000500  1701M0 -5000.0  5000.0 -3239.363 0.117000    0.000    0.000    0.000  665.677 2.874 2346
Element:    1083  0.200    2.5    0.00 0.000500  1717M0 -5000.0  5000.0 -3235.765 0.117000    0.000    0.000    0.000  668.142 2.886 2347
Element:    1084  0.200    2.5    0.00 0.000500  1702M0 -5000.0  5000.0 -3237.675 0.117000    0.000    0.000    0.000  670.645 2.823 2348
Element:    1085  0.200    2.5    0.00 0.000500  1718M0 -5000.0  5000.0 -3230.208 0.117000    0.000    0.000    0.000  673.073 2.759 2349
Element:    1086  0.200    2.5    0.00 0.000500  1703M0 -5000.0  5000.0 -3244.214 0.117000    0.000    0.000    0.000  675.537 2.770 2350
Element:    1087  0.200    2.5    0.00 0.000500  1719M0 -5000.0  5000.0 -3228.587 0.117000    0.000    0.000    0.000  677.999 2.781 2351
##													     	       	     
## G 288 - 319  Section ST										     	       	     
##													     	       	     
Element:    1088  0.200    2.5    0.00 0.000500  1720M0 -5000.0  5000.0 -3241.174 0.117000    0.000    0.000    0.000  680.461 2.792 2608
Element:    1089  0.200    2.5    0.00 0.000500  1736M0 -5000.0  5000.0 -3251.447 0.117000    0.000    0.000    0.000  682.923 2.804 2609
Element:    1090  0.200    2.5    0.00 0.000500  1721M0 -5000.0  5000.0 -3252.311 0.117000    0.000    0.000    0.000  685.383 2.815 2610
Element:    1091  0.200    2.5    0.00 0.000500  1737M0 -5000.0  5000.0 -3248.212 0.117000    0.000    0.000    0.000  687.843 2.826 2611
Element:    1092  0.200    2.5    0.00 0.000500  1722M0 -5000.0  5000.0 -3247.087 0.117000    0.000    0.000    0.000  690.301 2.837 2612
Element:    1093  0.200    2.5    0.00 0.000500  1738M0 -5000.0  5000.0 -3257.062 0.117000    0.000    0.000    0.000  692.759 2.849 2613
Element:    1094  0.200    2.5    0.00 0.000500  1723M0 -5000.0  5000.0 -3257.256 0.117000    0.000    0.000    0.000  695.215 2.861 2614
Element:    1095  0.200    2.5    0.00 0.000500  1739M0 -5000.0  5000.0 -3260.826 0.117000    0.000    0.000    0.000  697.671 2.872 2615
Element:    1096  0.200    2.5    0.00 0.000500  1724M0 -5000.0  5000.0 -3240.880 0.117000    0.000    0.000    0.000  700.157 2.819 2616
Element:    1097  0.200    2.5    0.00 0.000500  1740M0 -5000.0  5000.0 -3243.465 0.117000    0.000    0.000    0.000  702.579 2.765 2617
Element:    1098  0.200    2.5    0.00 0.000500  1725M0 -5000.0  5000.0 -3249.245 0.117000    0.000    0.000    0.000  705.031 2.777 2618
Element:    1099  0.200    2.5    0.00 0.000500  1741M0 -5000.0  5000.0 -3263.531 0.117000    0.000    0.000    0.000  707.483 2.787 2619
Element:    1100  0.200    2.5    0.00 0.000500  1726M0 -5000.0  5000.0 -3252.372 0.117000    0.000    0.000    0.000  709.933 2.798 2620
Element:    1101  0.200    2.5    0.00 0.000500  1742M0 -5000.0  5000.0 -3248.005 0.117000    0.000    0.000    0.000  712.382 2.809 2621
Element:    1102  0.200    2.5    0.00 0.000500  1727M0 -5000.0  5000.0 -3238.610 0.117000    0.000    0.000    0.000  714.830 2.820 2622
Element:    1103  0.200    2.5    0.00 0.000500  1743M0 -5000.0  5000.0 -3244.043 0.117000    0.000    0.000    0.000  717.276 2.831 2623
Element:    1104  0.200    2.5    0.00 0.000500  1728M0 -5000.0  5000.0 -3240.342 0.117000    0.000    0.000    0.000  719.722 2.841 2624
Element:    1105  0.200    2.5    0.00 0.000500  1744M0 -5000.0  5000.0 -3244.017 0.117000    0.000    0.000    0.000  722.166 2.852 2625
Element:    1106  0.200    2.5    0.00 0.000500  1729M0 -5000.0  5000.0 -3245.982 0.117000    0.000    0.000    0.000  724.610 2.863 2626
Element:    1107  0.200    2.5    0.00 0.000500  1745M0 -5000.0  5000.0 -3237.172 0.117000    0.000    0.000    0.000  727.051 2.874 2627
Element:    1108  0.200    2.5    0.00 0.000500  1730M0 -5000.0  5000.0 -3254.245 0.117000    0.000    0.000    0.000  729.524 2.818 2628
Element:    1109  0.200    2.5    0.00 0.000500  1746M0 -5000.0  5000.0 -3245.260 0.117000    0.000    0.000    0.000  731.931 2.763 2629
Element:    1110  0.200    2.5    0.00 0.000500  1731M0 -5000.0  5000.0 -3247.975 0.117000    0.000    0.000    0.000  734.368 2.775 2630
Element:    1111  0.200    2.5    0.00 0.000500  1747M0 -5000.0  5000.0 -3243.533 0.117000    0.000    0.000    0.000  736.805 2.785 2631
Element:    1112  0.200    2.5    0.00 0.000500  1732M0 -5000.0  5000.0 -3249.048 0.117000    0.000    0.000    0.000  739.240 2.796 2632
Element:    1113  0.200    2.5    0.00 0.000500  1748M0 -5000.0  5000.0 -3241.294 0.117000    0.000    0.000    0.000  741.673 2.806 2633
Element:    1114  0.200    2.5    0.00 0.000500  1733M0 -5000.0  5000.0 -3243.133 0.117000    0.000    0.000    0.000  744.106 2.815 2634
Element:    1115  0.200    2.5    0.00 0.000500  1749M0 -5000.0  5000.0 -3241.744 0.117000    0.000    0.000    0.000  746.537 2.827 2635
Element:    1116  0.200    2.5    0.00 0.000500  1734M0 -5000.0  5000.0 -3235.892 0.117000    0.000    0.000    0.000  748.966 2.837 2636
Element:    1117  0.200    2.5    0.00 0.000500  1750M0 -5000.0  5000.0 -3236.326 0.117000    0.000    0.000    0.000  751.394 2.847 2637
Element:    1118  0.200    2.5    0.00 0.000500  1735M0 -5000.0  5000.0 -3236.177 0.117000    0.000    0.000    0.000  753.821 2.858 2638
Element:    1119  0.200    2.5    0.00 0.000500  1751M0 -5000.0  5000.0 -3232.049 0.117000    0.000    0.000    0.000  756.246 2.867 2639
##													     	       	     
## G 320 - 351  Section UV										     	       	     
##													     	       	     
Element:    1120  0.200    2.5    0.00 0.000500  1752M0 -5000.0  5000.0 -3240.883 0.117000    0.000    0.000    0.000  758.669 2.878 2896
Element:    1121  0.200    2.5    0.00 0.000500  1768M0 -5000.0  5000.0 -3249.746 0.117000    0.000    0.000    0.000  761.124 2.821 2897
Element:    1122  0.200    2.5    0.00 0.000500  1753M0 -5000.0  5000.0 -3243.560 0.117000    0.000    0.000    0.000  763.510 2.764 2898
Element:    1123  0.200    2.5    0.00 0.000500  1769M0 -5000.0  5000.0 -3238.362 0.117000    0.000    0.000    0.000  765.929 2.774 2899
Element:    1124  0.200    2.5    0.00 0.000500  1754M0 -5000.0  5000.0 -3245.158 0.117000    0.000    0.000    0.000  768.346 2.784 2900
Element:    1125  0.200    2.5    0.00 0.000500  1770M0 -5000.0  5000.0 -3244.243 0.117000    0.000    0.000    0.000  770.762 2.793 2901
Element:    1126  0.200    2.5    0.00 0.000500  1755M0 -5000.0  5000.0 -3246.384 0.117000    0.000    0.000    0.000  773.176 2.804 2902
Element:    1127  0.200    2.5    0.00 0.000500  1771M0 -5000.0  5000.0 -3241.603 0.117000    0.000    0.000    0.000  775.588 2.813 2903
Element:    1128  0.200    2.5    0.00 0.000500  1756M0 -5000.0  5000.0 -3244.087 0.117000    0.000    0.000    0.000  777.998 2.823 2904
Element:    1129  0.200    2.5    0.00 0.000500  1772M0 -5000.0  5000.0 -3243.640 0.117000    0.000    0.000    0.000  780.407 2.833 2905
Element:    1130  0.200    2.5    0.00 0.000500  1757M0 -5000.0  5000.0 -3229.770 0.117000    0.000    0.000    0.000  782.815 2.843 2906
Element:    1131  0.200    2.5    0.00 0.000500  1773M0 -5000.0  5000.0 -3240.319 0.117000    0.000    0.000    0.000  785.220 2.853 2907
Element:    1132  0.200    2.5    0.00 0.000500  1758M0 -5000.0  5000.0 -3235.223 0.117000    0.000    0.000    0.000  787.624 2.863 2908
Element:    1133  0.200    2.5    0.00 0.000500  1774M0 -5000.0  5000.0 -3244.808 0.117000    0.000    0.000    0.000  790.026 2.872 2909
Element:    1134  0.200    2.5    0.00 0.000500  1759M0 -5000.0  5000.0 -3232.542 0.117000    0.000    0.000    0.000  792.460 2.813 2910
Element:    1135  0.200    2.5    0.00 0.000500  1775M0 -5000.0  5000.0 -3243.865 0.117000    0.000    0.000    0.000  794.825 2.754 2911
Element:    1136  0.200    2.5    0.00 0.000500  1760M0 -5000.0  5000.0 -3235.790 0.117000    0.000    0.000    0.000  797.221 2.765 2912
Element:    1137  0.200    2.5    0.00 0.000500  1776M0 -5000.0  5000.0 -3233.706 0.117000    0.000    0.000    0.000  799.616 2.774 2913
Element:    1138  0.200    2.5    0.00 0.000500  1761M0 -5000.0  5000.0 -3241.554 0.117000    0.000    0.000    0.000  802.009 2.783 2914
Element:    1139  0.200    2.5    0.00 0.000500  1777M0 -5000.0  5000.0 -3222.702 0.117000    0.000    0.000    0.000  804.400 2.793 2915
Element:    1140  0.200    2.5    0.00 0.000500  1762M0 -5000.0  5000.0 -3240.989 0.117000    0.000    0.000    0.000  806.789 2.802 2916
Element:    1141  0.200    2.5    0.00 0.000500  1778M0 -5000.0  5000.0 -3237.673 0.117000    0.000    0.000    0.000  809.177 2.812 2917
Element:    1142  0.200    2.5    0.00 0.000500  1763M0 -5000.0  5000.0 -3237.005 0.117000    0.000    0.000    0.000  811.563 2.820 2918
Element:    1143  0.200    2.5    0.00 0.000500  1779M0 -5000.0  5000.0 -3243.060 0.117000    0.000    0.000    0.000  813.946 2.830 2919
Element:    1144  0.200    2.5    0.00 0.000500  1764M0 -5000.0  5000.0 -3242.134 0.117000    0.000    0.000    0.000  816.328 2.839 2920
Element:    1145  0.200    2.5    0.00 0.000500  1780M0 -5000.0  5000.0 -3228.450 0.117000    0.000    0.000    0.000  818.707 2.849 2921
Element:    1146  0.200    2.5    0.00 0.000500  1765M0 -5000.0  5000.0 -3232.461 0.117000    0.000    0.000    0.000  821.086 2.858 2922
Element:    1147  0.200    2.5    0.00 0.000500  1781M0 -5000.0  5000.0 -3225.323 0.117000    0.000    0.000    0.000  823.496 2.797 2923
Element:    1148  0.200    2.5    0.00 0.000500  1766M0 -5000.0  5000.0 -3222.224 0.117000    0.000    0.000    0.000  825.836 2.736 2924
Element:    1149  0.200    2.5    0.00 0.000500  1782M0 -5000.0  5000.0 -3219.167 0.117000    0.000    0.000    0.000  828.209 2.745 2925
Element:    1150  0.200    2.5    0.00 0.000500  1767M0 -5000.0  5000.0 -3214.778 0.117000    0.000    0.000    0.000  830.578 2.755 2926
Element:    1151  0.200    2.5    0.00 0.000500  1783M0 -5000.0  5000.0 -3217.913 0.117000    0.000    0.000    0.000  832.947 2.763 2927
Initialise: 
Display: 1D Nhits       32 0 32
Display: 1D NhitsPrompt 32 0 32
Display: 1D NhitsRand   32 0 32
Display: 1D Hits        352 0 352
Display: 1D HitsPrompt  352 0 352
Display: 1D HitsRand    352 0 352
#Display: 1D EnergyOR    200 0 2.5
Display: 1D TimeOR     1000 -1000.0 1000.0
#Display: 1D Energy 100 0 2.5   0 352
#Display: 1D Time  1000 -1000.0 1000.0   0 352
#Display: 1D Eelect   352 v2u_plot/v2u_450_plot.ehist
Display: 1D ScalerCurr 352 0 352
Display: 1D ScalerAcc  352 0 352
Display: 1D Doubles  	352 0 352
Display: 1D NDoubles  	32 0 32
#Display: 2D EnergyOR 100 0 2.5 -1 Hits 352 0 352 -1
#Display: 2D EnergyOR 100 0 2.5 -1 Doubles 352 0 352 -1
Display: 2D TimeOR   200 -1000.0 1000.0 -1 Hits 352 0 352 -1
Display: 2D TimeOR   200 -1000.0 1000.0 -1 Doubles 352 0 352 -1
