## Detector setup file for Ladder
########################################################################
##
##	#FP	Energy	Time	Pos
Size: 	352 	0 	1 	1
#
Multi-hit: 8
#
##	Scalers	Calib	Overlap	Micro	#trig	Toff	Tres
Misc:	1	1	1	0	0	0	0.0
##
Window: -10. 10. -50. -30. 
##
## G 0 - 31  Section AB
##
Element:     816  0.200    2.5    0.00 0.000500  1438M0 -5000.0  5000.0 -3190.750 0.117000    0.000    0.000    0.000   12.529 0.229 2876
Element:     800  0.200    2.5    0.00 0.000500  1432M0 -5000.0  5000.0 -3189.240 0.117000    0.000    0.000    0.000   12.758 0.238 2864
Element:     817  0.200    2.5    0.00 0.000500  1454M0 -5000.0  5000.0 -3181.320 0.117000    0.000    0.000    0.000   12.998 0.248 2877
Element:     801  0.200    2.5    0.00 0.000500  1448M0 -5000.0  5000.0 -3312.192 0.117000    0.000    0.000    0.000   13.246 0.257 2865
Element:     818  0.200    2.5    0.00 0.000500  1439M0 -5000.0  5000.0 -3192.990 0.117000    0.000    0.000    0.000   13.505 0.267 2878
Element:     802  0.200    2.5    0.00 0.000500  1433M0 -5000.0  5000.0 -3291.380 0.117000    0.000    0.000    0.000   13.774 0.278 2866
Element:     819  0.200    2.5    0.00 0.000500  1455M0 -5000.0  5000.0 -3171.470 0.117000    0.000    0.000    0.000   14.053 0.288 2879
Element:     803  0.200    2.5    0.00 0.000500  1449M0 -5000.0  5000.0 -3199.760 0.117000    0.000    0.000    0.000   14.342 0.299 2867
Element:     820  0.200    2.5    0.00 0.000500  1440M0 -5000.0  5000.0 -3334.110 0.117000    0.000    0.000    0.000   14.642 0.309 2880
Element:     804  0.200    2.5    0.00 0.000500  1434M0 -5000.0  5000.0 -3289.210 0.117000    0.000    0.000    0.000   14.952 0.318 2868
Element:     821  0.200    2.5    0.00 0.000500  1456M0 -5000.0  5000.0 -3307.155 0.117000    0.000    0.000    0.000   15.271 0.328 2881
Element:     805  0.200    2.5    0.00 0.000500  1450M0 -5000.0  5000.0 -3318.245 0.117000    0.000    0.000    0.000   15.599 0.337 2869
Element:     822  0.200    2.5    0.00 0.000500  1441M0 -5000.0  5000.0 -3312.690 0.117000    0.000    0.000    0.000   15.935 0.346 2882
Element:     806  0.200    2.5    0.00 0.000500  1435M0 -5000.0  5000.0 -3308.632 0.117000    0.000    0.000    0.000   16.280 0.353 2870
Element:     823  0.200    2.5    0.00 0.000500  1457M0 -5000.0  5000.0 -3304.169 0.117000    0.000    0.000    0.000   16.632 0.360 2883
Element:     807  0.200    2.5    0.00 0.000500  1451M0 -5000.0  5000.0 -3315.325 0.117000    0.000    0.000    0.000   16.990 0.366 2871
Element:     824  0.200    2.5    0.00 0.000500  1442M0 -5000.0  5000.0 -3194.530 0.117000    0.000    0.000    0.000   17.354 0.372 2884
Element:     808  0.200    2.5    0.00 0.000500  1436M0 -5000.0  5000.0 -3321.771 0.117000    0.000    0.000    0.000   17.722 0.376 2872
Element:     825  0.200    2.5    0.00 0.000500  1458M0 -5000.0  5000.0 -3293.280 0.117000    0.000    0.000    0.000   18.093 0.379 2885
Element:     809  0.200    2.5    0.00 0.000500  1452M0 -5000.0  5000.0 -3293.810 0.117000    0.000    0.000    0.000   18.467 0.380 2873
Element:     826  0.200    2.5    0.00 0.000500  1443M0 -5000.0  5000.0 -3291.100 0.117000    0.000    0.000    0.000   18.842 0.381 2886
Element:     810  0.200    2.5    0.00 0.000500  1437M0 -5000.0  5000.0 -3302.340 0.117000    0.000    0.000    0.000   19.217 0.380 2874
Element:     827  0.200    2.5    0.00 0.000500  1459M0 -5000.0  5000.0 -3297.040 0.117000    0.000    0.000    0.000   19.591 0.377 2887
Element:     811  0.200    2.5    0.00 0.000500  1453M0 -5000.0  5000.0 -3307.691 0.117000    0.000    0.000    0.000   19.962 0.374 2875
Element:     828  0.200    2.5    0.00 0.000500  1444M0 -5000.0  5000.0 -3316.029 0.117000    0.000    0.000    0.000   20.329 0.370 2888
Element:     829  0.200    2.5    0.00 0.000500  1460M0 -5000.0  5000.0 -3304.274 0.117000    0.000    0.000    0.000   20.691 0.365 2889
Element:     830  0.200    2.5    0.00 0.000500  1445M0 -5000.0  5000.0 -3305.777 0.117000    0.000    0.000    0.000   21.048 0.359 2890
Element:     831  0.200    2.5    0.00 0.000500  1461M0 -5000.0  5000.0 -3307.706 0.117000    0.000    0.000    0.000   21.399 0.353 2891
Element:     812  0.200    2.5    0.00 0.000500  1446M0 -5000.0  5000.0 -3306.350 0.117000    0.000    0.000    0.000   21.744 0.347 2892
Element:     813  0.200    2.5    0.00 0.000500  1462M0 -5000.0  5000.0 -3304.526 0.117000    0.000    0.000    0.000   22.083 0.341 2893
Element:     814  0.200    2.5    0.00 0.000500  1447M0 -5000.0  5000.0 -3174.500 0.117000    0.000    0.000    0.000   22.416 0.336 2894
Element:     815  0.200    2.5    0.00 0.000500  1463M0 -5000.0  5000.0 -3304.017 0.117000    0.000    0.000    0.000   22.744 0.331 2895
##													     	       	     
## G 32 - 63  Section CD										     	       	     
##													     	       	     
Element:     832  0.200    2.5    0.00 0.000500  1464M0 -5000.0  5000.0 -3319.600 0.117000    0.000    0.000    0.000   23.066 0.332 2064
Element:     833  0.200    2.5    0.00 0.000500  1480M0 -5000.0  5000.0 -3320.157 0.117000    0.000    0.000    0.000   23.389 0.338 2065
Element:     834  0.200    2.5    0.00 0.000500  1465M0 -5000.0  5000.0 -3313.671 0.117000    0.000    0.000    0.000   23.711 0.343 2066
Element:     835  0.200    2.5    0.00 0.000500  1481M0 -5000.0  5000.0 -3317.346 0.117000    0.000    0.000    0.000   24.033 0.346 2067
Element:     836  0.200    2.5    0.00 0.000500  1466M0 -5000.0  5000.0 -3314.970 0.117000    0.000    0.000    0.000   24.358 0.347 2068
Element:     837  0.200    2.5    0.00 0.000500  1482M0 -5000.0  5000.0 -3321.595 0.117000    0.000    0.000    0.000   24.685 0.349 2069
Element:     838  0.200    2.5    0.00 0.000500  1467M0 -5000.0  5000.0 -3314.236 0.117000    0.000    0.000    0.000   25.018 0.343 2070
Element:     839  0.200    2.5    0.00 0.000500  1483M0 -5000.0  5000.0 -3314.251 0.117000    0.000    0.000    0.000   25.343 0.338 2071
Element:     840  0.200    2.5    0.00 0.000500  1468M0 -5000.0  5000.0 -3314.398 0.117000    0.000    0.000    0.000   25.674 0.341 2072
Element:     841  0.200    2.5    0.00 0.000500  1484M0 -5000.0  5000.0 -3313.650 0.117000    0.000    0.000    0.000   26.007 0.344 2073
Element:     842  0.200    2.5    0.00 0.000500  1469M0 -5000.0  5000.0 -3310.704 0.117000    0.000    0.000    0.000   26.341 0.347 2074
Element:     843  0.200    2.5    0.00 0.000500  1485M0 -5000.0  5000.0 -3312.588 0.117000    0.000    0.000    0.000   26.675 0.351 2075
Element:     844  0.200    2.5    0.00 0.000500  1470M0 -5000.0  5000.0 -3307.669 0.117000    0.000    0.000    0.000   27.012 0.354 2076
Element:     845  0.200    2.5    0.00 0.000500  1486M0 -5000.0  5000.0 -3316.711 0.117000    0.000    0.000    0.000   27.349 0.357 2077
Element:     846  0.200    2.5    0.00 0.000500  1471M0 -5000.0  5000.0 -3304.792 0.117000    0.000    0.000    0.000   27.688 0.361 2078
Element:     847  0.200    2.5    0.00 0.000500  1487M0 -5000.0  5000.0 -3311.468 0.117000    0.000    0.000    0.000   28.028 0.364 2079
Element:     848  0.200    2.5    0.00 0.000500  1472M0 -5000.0  5000.0 -3310.265 0.117000    0.000    0.000    0.000   28.374 0.358 2080
Element:     849  0.200    2.5    0.00 0.000500  1488M0 -5000.0  5000.0 -3309.044 0.117000    0.000    0.000    0.000   28.712 0.353 2081
Element:     850  0.200    2.5    0.00 0.000500  1473M0 -5000.0  5000.0 -3323.901 0.117000    0.000    0.000    0.000   29.056 0.356 2082
Element:     851  0.200    2.5    0.00 0.000500  1489M0 -5000.0  5000.0 -3307.118 0.117000    0.000    0.000    0.000   29.401 0.359 2083
Element:     852  0.200    2.5    0.00 0.000500  1474M0 -5000.0  5000.0 -3327.467 0.117000    0.000    0.000    0.000   29.748 0.362 2084
Element:     853  0.200    2.5    0.00 0.000500  1490M0 -5000.0  5000.0 -3310.008 0.117000    0.000    0.000    0.000   30.096 0.365 2085
Element:     854  0.200    2.5    0.00 0.000500  1475M0 -5000.0  5000.0 -3322.051 0.117000    0.000    0.000    0.000   30.445 0.369 2086
Element:     855  0.200    2.5    0.00 0.000500  1491M0 -5000.0  5000.0 -3316.479 0.117000    0.000    0.000    0.000   30.796 0.372 2087
Element:     856  0.200    2.5    0.00 0.000500  1476M0 -5000.0  5000.0 -3314.824 0.117000    0.000    0.000    0.000   31.151 0.368 2088
Element:     857  0.200    2.5    0.00 0.000500  1492M0 -5000.0  5000.0 -3312.501 0.117000    0.000    0.000    0.000   31.501 0.363 2089
Element:     858  0.200    2.5    0.00 0.000500  1477M0 -5000.0  5000.0 -3306.177 0.117000    0.000    0.000    0.000   31.856 0.367 2090
Element:     859  0.200    2.5    0.00 0.000500  1493M0 -5000.0  5000.0 -3313.206 0.117000    0.000    0.000    0.000   32.212 0.370 2091
Element:     860  0.200    2.5    0.00 0.000500  1478M0 -5000.0  5000.0 -3305.421 0.117000    0.000    0.000    0.000   32.569 0.373 2092
Element:     861  0.200    2.5    0.00 0.000500  1494M0 -5000.0  5000.0 -3307.622 0.117000    0.000    0.000    0.000   32.928 0.376 2093
Element:     862  0.200    2.5    0.00 0.000500  1479M0 -5000.0  5000.0 -3311.234 0.117000    0.000    0.000    0.000   33.288 0.380 2094
Element:     863  0.200    2.5    0.00 0.000500  1495M0 -5000.0  5000.0 -3308.644 0.117000    0.000    0.000    0.000   33.650 0.383 2095
##													     	       	     
## G 64 - 95  Section EF										     	       	     
##													     	       	     
Element:     864  0.200    2.5    0.00 0.000500  1496M0 -5000.0  5000.0 -3305.926 0.117000    0.000    0.000    0.000   34.013 0.387 2576
Element:     865  0.200    2.5    0.00 0.000500  1512M0 -5000.0  5000.0 -3309.201 0.117000    0.000    0.000    0.000   34.377 0.390 2577
Element:     866  0.200    2.5    0.00 0.000500  1497M0 -5000.0  5000.0 -3319.323 0.117000    0.000    0.000    0.000   34.743 0.393 2578
Element:     867  0.200    2.5    0.00 0.000500  1513M0 -5000.0  5000.0 -3318.229 0.117000    0.000    0.000    0.000   35.114 0.388 2579
Element:     868  0.200    2.5    0.00 0.000500  1498M0 -5000.0  5000.0 -3314.550 0.117000    0.000    0.000    0.000   35.478 0.381 2580
Element:     869  0.200    2.5    0.00 0.000500  1514M0 -5000.0  5000.0 -3317.891 0.117000    0.000    0.000    0.000   35.848 0.384 2581
Element:     870  0.200    2.5    0.00 0.000500  1499M0 -5000.0  5000.0 -3308.672 0.117000    0.000    0.000    0.000   36.219 0.388 2582
Element:     871  0.200    2.5    0.00 0.000500  1515M0 -5000.0  5000.0 -3307.889 0.117000    0.000    0.000    0.000   36.591 0.391 2583
Element:     872  0.200    2.5    0.00 0.000500  1500M0 -5000.0  5000.0 -3314.640 0.117000    0.000    0.000    0.000   36.965 0.395 2584
Element:     873  0.200    2.5    0.00 0.000500  1516M0 -5000.0  5000.0 -3318.320 0.117000    0.000    0.000    0.000   37.340 0.398 2585
Element:     874  0.200    2.5    0.00 0.000500  1501M0 -5000.0  5000.0 -3303.157 0.117000    0.000    0.000    0.000   37.717 0.401 2586
Element:     875  0.200    2.5    0.00 0.000500  1517M0 -5000.0  5000.0 -3316.048 0.117000    0.000    0.000    0.000   38.095 0.405 2587
Element:     876  0.200    2.5    0.00 0.000500  1502M0 -5000.0  5000.0 -3315.121 0.117000    0.000    0.000    0.000   38.478 0.400 2588
Element:     877  0.200    2.5    0.00 0.000500  1518M0 -5000.0  5000.0 -3307.246 0.117000    0.000    0.000    0.000   38.854 0.395 2589
Element:     878  0.200    2.5    0.00 0.000500  1503M0 -5000.0  5000.0 -3298.567 0.117000    0.000    0.000    0.000   39.236 0.398 2590
Element:     879  0.200    2.5    0.00 0.000500  1519M0 -5000.0  5000.0 -3313.563 0.117000    0.000    0.000    0.000   39.620 0.402 2591
Element:     880  0.200    2.5    0.00 0.000500  1504M0 -5000.0  5000.0 -3306.088 0.117000    0.000    0.000    0.000   40.004 0.405 2592
Element:     881  0.200    2.5    0.00 0.000500  1520M0 -5000.0  5000.0 -3308.752 0.117000    0.000    0.000    0.000   40.390 0.408 2593
Element:     882  0.200    2.5    0.00 0.000500  1505M0 -5000.0  5000.0 -3318.904 0.117000    0.000    0.000    0.000   40.778 0.412 2594
Element:     883  0.200    2.5    0.00 0.000500  1521M0 -5000.0  5000.0 -3307.302 0.117000    0.000    0.000    0.000   41.166 0.415 2595
Element:     884  0.200    2.5    0.00 0.000500  1506M0 -5000.0  5000.0 -3321.323 0.117000    0.000    0.000    0.000   41.556 0.419 2596
Element:     885  0.200    2.5    0.00 0.000500  1522M0 -5000.0  5000.0 -3315.928 0.117000    0.000    0.000    0.000   41.952 0.413 2597
Element:     886  0.200    2.5    0.00 0.000500  1507M0 -5000.0  5000.0 -3322.113 0.117000    0.000    0.000    0.000   42.340 0.408 2598
Element:     887  0.200    2.5    0.00 0.000500  1523M0 -5000.0  5000.0 -3319.346 0.117000    0.000    0.000    0.000   42.734 0.411 2599
Element:     888  0.200    2.5    0.00 0.000500  1508M0 -5000.0  5000.0 -3316.204 0.117000    0.000    0.000    0.000   43.129 0.415 2600
Element:     889  0.200    2.5    0.00 0.000500  1524M0 -5000.0  5000.0 -3301.065 0.117000    0.000    0.000    0.000   43.526 0.418 2601
Element:     890  0.200    2.5    0.00 0.000500  1509M0 -5000.0  5000.0 -3311.281 0.117000    0.000    0.000    0.000   43.924 0.421 2602
Element:     891  0.200    2.5    0.00 0.000500  1525M0 -5000.0  5000.0 -3311.274 0.117000    0.000    0.000    0.000   44.323 0.425 2603
Element:     892  0.200    2.5    0.00 0.000500  1510M0 -5000.0  5000.0 -3309.342 0.117000    0.000    0.000    0.000   44.723 0.428 2604
Element:     893  0.200    2.5    0.00 0.000500  1526M0 -5000.0  5000.0 -3310.682 0.117000    0.000    0.000    0.000   45.125 0.431 2605
Element:     894  0.200    2.5    0.00 0.000500  1511M0 -5000.0  5000.0 -3303.144 0.117000    0.000    0.000    0.000   45.532 0.427 2606
Element:     895  0.200    2.5    0.00 0.000500  1527M0 -5000.0  5000.0 -3296.176 0.117000    0.000    0.000    0.000   45.933 0.423 2607
##													     	       	     
## G 96 - 127  Section GH										     	       	     
##													     	       	     
Element:     896  0.200    2.5    0.00 0.000500  1528M0 -5000.0  5000.0 -3155.900 0.117000    0.000    0.000    0.000   46.338 0.426 2288
Element:     897  0.200    2.5    0.00 0.000500  1544M0 -5000.0  5000.0 -3312.220 0.117000    0.000    0.000    0.000   46.745 0.429 2289
Element:     898  0.200    2.5    0.00 0.000500  1529M0 -5000.0  5000.0 -3312.044 0.117000    0.000    0.000    0.000   47.154 0.433 2290
Element:     899  0.200    2.5    0.00 0.000500  1545M0 -5000.0  5000.0 -3305.894 0.117000    0.000    0.000    0.000   47.563 0.436 2291
Element:     900  0.200    2.5    0.00 0.000500  1530M0 -5000.0  5000.0 -3307.119 0.117000    0.000    0.000    0.000   47.974 0.440 2292
Element:     901  0.200    2.5    0.00 0.000500  1546M0 -5000.0  5000.0 -3306.027 0.117000    0.000    0.000    0.000   48.386 0.443 2293
Element:     902  0.200    2.5    0.00 0.000500  1531M0 -5000.0  5000.0 -3305.335 0.117000    0.000    0.000    0.000   48.799 0.446 2294
Element:     903  0.200    2.5    0.00 0.000500  1547M0 -5000.0  5000.0 -3304.971 0.117000    0.000    0.000    0.000   49.218 0.440 2295
Element:     904  0.200    2.5    0.00 0.000500  1532M0 -5000.0  5000.0 -3306.299 0.117000    0.000    0.000    0.000   49.629 0.434 2296
Element:     905  0.200    2.5    0.00 0.000500  1548M0 -5000.0  5000.0 -3307.075 0.117000    0.000    0.000    0.000   50.046 0.437 2297
Element:     906  0.200    2.5    0.00 0.000500  1533M0 -5000.0  5000.0 -3302.186 0.117000    0.000    0.000    0.000   50.464 0.441 2298
Element:     907  0.200    2.5    0.00 0.000500  1549M0 -5000.0  5000.0 -3305.836 0.117000    0.000    0.000    0.000   50.883 0.444 2299
Element:     908  0.200    2.5    0.00 0.000500  1534M0 -5000.0  5000.0 -3298.628 0.117000    0.000    0.000    0.000   51.304 0.447 2300
Element:     909  0.200    2.5    0.00 0.000500  1550M0 -5000.0  5000.0 -3298.906 0.117000    0.000    0.000    0.000   51.725 0.451 2301
Element:     910  0.200    2.5    0.00 0.000500  1535M0 -5000.0  5000.0 -3295.002 0.117000    0.000    0.000    0.000   52.148 0.454 2302
Element:     911  0.200    2.5    0.00 0.000500  1551M0 -5000.0  5000.0 -3304.374 0.117000    0.000    0.000    0.000   52.572 0.457 2303
Element:     912  0.200    2.5    0.00 0.000500  1536M0 -5000.0  5000.0 -3300.419 0.117000    0.000    0.000    0.000   52.998 0.461 2304
Element:     913  0.200    2.5    0.00 0.000500  1552M0 -5000.0  5000.0 -3304.327 0.117000    0.000    0.000    0.000   53.428 0.456 2305
Element:     914  0.200    2.5    0.00 0.000500  1537M0 -5000.0  5000.0 -3315.010 0.117000    0.000    0.000    0.000   53.852 0.450 2306
Element:     915  0.200    2.5    0.00 0.000500  1553M0 -5000.0  5000.0 -3304.671 0.117000    0.000    0.000    0.000   54.280 0.454 2307
Element:     916  0.200    2.5    0.00 0.000500  1538M0 -5000.0  5000.0 -3318.574 0.117000    0.000    0.000    0.000   54.710 0.457 2308
Element:     917  0.200    2.5    0.00 0.000500  1554M0 -5000.0  5000.0 -3304.450 0.117000    0.000    0.000    0.000   55.142 0.460 2309
Element:     918  0.200    2.5    0.00 0.000500  1539M0 -5000.0  5000.0 -3299.844 0.117000    0.000    0.000    0.000   55.574 0.464 2310
Element:     919  0.200    2.5    0.00 0.000500  1555M0 -5000.0  5000.0 -3300.107 0.117000    0.000    0.000    0.000   56.007 0.467 2311
Element:     920  0.200    2.5    0.00 0.000500  1540M0 -5000.0  5000.0 -3303.730 0.117000    0.000    0.000    0.000   56.442 0.470 2312
Element:     921  0.200    2.5    0.00 0.000500  1556M0 -5000.0  5000.0 -3289.199 0.117000    0.000    0.000    0.000   56.877 0.474 2313
Element:     922  0.200    2.5    0.00 0.000500  1541M0 -5000.0  5000.0 -3299.716 0.117000    0.000    0.000    0.000   57.314 0.477 2314
Element:     923  0.200    2.5    0.00 0.000500  1557M0 -5000.0  5000.0 -3293.876 0.117000    0.000    0.000    0.000   57.757 0.470 2315
Element:     924  0.200    2.5    0.00 0.000500  1542M0 -5000.0  5000.0 -3287.672 0.117000    0.000    0.000    0.000   58.191 0.463 2316
Element:     925  0.200    2.5    0.00 0.000500  1558M0 -5000.0  5000.0 -3288.734 0.117000    0.000    0.000    0.000   58.631 0.466 2317
Element:     926  0.200    2.5    0.00 0.000500  1543M0 -5000.0  5000.0 -3292.342 0.117000    0.000    0.000    0.000   59.072 0.470 2318
Element:     927  0.200    2.5    0.00 0.000500  1559M0 -5000.0  5000.0 -3284.706 0.117000    0.000    0.000    0.000   59.514 0.473 2319
##													     	       	     
## G 128 - 159  Section IJ										     	       	     
##													     	       	     
Element:     928  0.200    2.5    0.00 0.000500  1560M0 -5000.0  5000.0 -3281.711 0.117000    0.000    0.000    0.000   59.957 0.476 2000
Element:     929  0.200    2.5    0.00 0.000500  1576M0 -5000.0  5000.0 -3280.723 0.117000    0.000    0.000    0.000   60.401 0.480 2001
Element:     930  0.200    2.5    0.00 0.000500  1561M0 -5000.0  5000.0 -3286.564 0.117000    0.000    0.000    0.000   60.847 0.483 2002
Element:     931  0.200    2.5    0.00 0.000500  1577M0 -5000.0  5000.0 -3294.809 0.117000    0.000    0.000    0.000   61.293 0.486 2003
Element:     932  0.200    2.5    0.00 0.000500  1562M0 -5000.0  5000.0 -3295.140 0.117000    0.000    0.000    0.000   61.740 0.490 2004
Element:     933  0.200    2.5    0.00 0.000500  1578M0 -5000.0  5000.0 -3286.718 0.117000    0.000    0.000    0.000   62.194 0.482 2005
Element:     934  0.200    2.5    0.00 0.000500  1563M0 -5000.0  5000.0 -3293.634 0.117000    0.000    0.000    0.000   62.638 0.474 2006
Element:     935  0.200    2.5    0.00 0.000500  1579M0 -5000.0  5000.0 -3299.562 0.117000    0.000    0.000    0.000   63.089 0.477 2007
Element:     936  0.200    2.5    0.00 0.000500  1564M0 -5000.0  5000.0 -3300.741 0.117000    0.000    0.000    0.000   63.540 0.481 2008
Element:     937  0.200    2.5    0.00 0.000500  1580M0 -5000.0  5000.0 -3295.212 0.117000    0.000    0.000    0.000   63.993 0.484 2009
Element:     938  0.200    2.5    0.00 0.000500  1565M0 -5000.0  5000.0 -3284.671 0.117000    0.000    0.000    0.000   64.446 0.488 2010
Element:     939  0.200    2.5    0.00 0.000500  1581M0 -5000.0  5000.0 -3296.570 0.117000    0.000    0.000    0.000   64.900 0.491 2011
Element:     940  0.200    2.5    0.00 0.000500  1566M0 -5000.0  5000.0 -3289.091 0.117000    0.000    0.000    0.000   65.356 0.494 2012
Element:     941  0.200    2.5    0.00 0.000500  1582M0 -5000.0  5000.0 -3288.965 0.117000    0.000    0.000    0.000   65.812 0.498 2013
Element:     942  0.200    2.5    0.00 0.000500  1567M0 -5000.0  5000.0 -3287.027 0.117000    0.000    0.000    0.000   66.269 0.501 2014
Element:     943  0.200    2.5    0.00 0.000500  1583M0 -5000.0  5000.0 -3295.051 0.117000    0.000    0.000    0.000   66.727 0.504 2015
Element:     944  0.200    2.5    0.00 0.000500  1568M0 -5000.0  5000.0 -3293.916 0.117000    0.000    0.000    0.000   67.192 0.496 2016
Element:     945  0.200    2.5    0.00 0.000500  1584M0 -5000.0  5000.0 -3290.479 0.117000    0.000    0.000    0.000   67.647 0.488 2017
Element:     946  0.200    2.5    0.00 0.000500  1569M0 -5000.0  5000.0 -3295.843 0.117000    0.000    0.000    0.000   68.108 0.491 2018
Element:     947  0.200    2.5    0.00 0.000500  1585M0 -5000.0  5000.0 -3272.140 0.117000    0.000    0.000    0.000   68.569 0.494 2019
Element:     948  0.200    2.5    0.00 0.000500  1570M0 -5000.0  5000.0 -3287.252 0.117000    0.000    0.000    0.000   69.032 0.498 2020
Element:     949  0.200    2.5    0.00 0.000500  1586M0 -5000.0  5000.0 -3280.017 0.117000    0.000    0.000    0.000   69.496 0.501 2021
Element:     950  0.200    2.5    0.00 0.000500  1571M0 -5000.0  5000.0 -3291.398 0.117000    0.000    0.000    0.000   69.961 0.504 2022
Element:     951  0.200    2.5    0.00 0.000500  1587M0 -5000.0  5000.0 -3288.673 0.117000    0.000    0.000    0.000   70.426 0.507 2023
Element:     952  0.200    2.5    0.00 0.000500  1572M0 -5000.0  5000.0 -3297.266 0.117000    0.000    0.000    0.000   70.893 0.510 2024
Element:     953  0.200    2.5    0.00 0.000500  1588M0 -5000.0  5000.0 -3280.548 0.117000    0.000    0.000    0.000   71.360 0.514 2025
Element:     954  0.200    2.5    0.00 0.000500  1573M0 -5000.0  5000.0 -3288.641 0.117000    0.000    0.000    0.000   71.828 0.517 2026
Element:     955  0.200    2.5    0.00 0.000500  1589M0 -5000.0  5000.0 -3284.528 0.117000    0.000    0.000    0.000   72.303 0.508 2027
Element:     956  0.200    2.5    0.00 0.000500  1574M0 -5000.0  5000.0 -3285.963 0.117000    0.000    0.000    0.000   72.766 0.500 2028
Element:     957  0.200    2.5    0.00 0.000500  1590M0 -5000.0  5000.0 -3282.374 0.117000    0.000    0.000    0.000   73.237 0.503 2029
Element:     958  0.200    2.5    0.00 0.000500  1575M0 -5000.0  5000.0 -3282.133 0.117000    0.000    0.000    0.000   73.708 0.506 2030
Element:     959  0.200    2.5    0.00 0.000500  1591M0 -5000.0  5000.0 -3279.210 0.117000    0.000    0.000    0.000   74.180 0.509 2031
##													     	       	     
## G 160 - 191  Section KL										     	       	     
##													     	       	     
Element:     960  0.200    2.5    0.00 0.000500  1592M0 -5000.0  5000.0 -3286.062 0.117000    0.000    0.000    0.000   74.653 0.512 2352
Element:     961  0.200    2.5    0.00 0.000500  1608M0 -5000.0  5000.0 -3293.009 0.117000    0.000    0.000    0.000   75.127 0.516 2353
Element:     962  0.200    2.5    0.00 0.000500  1593M0 -5000.0  5000.0 -3287.346 0.117000    0.000    0.000    0.000   75.601 0.519 2354
Element:     963  0.200    2.5    0.00 0.000500  1609M0 -5000.0  5000.0 -3293.209 0.117000    0.000    0.000    0.000   76.076 0.522 2355
Element:     964  0.200    2.5    0.00 0.000500  1594M0 -5000.0  5000.0 -3280.574 0.117000    0.000    0.000    0.000   76.552 0.525 2356
Element:     965  0.200    2.5    0.00 0.000500  1610M0 -5000.0  5000.0 -3274.962 0.117000    0.000    0.000    0.000   77.029 0.528 2357
Element:     966  0.200    2.5    0.00 0.000500  1595M0 -5000.0  5000.0 -3277.172 0.117000    0.000    0.000    0.000   77.513 0.519 2358
Element:     967  0.200    2.5    0.00 0.000500  1611M0 -5000.0  5000.0 -3277.067 0.117000    0.000    0.000    0.000   77.985 0.509 2359
Element:     968  0.200    2.5    0.00 0.000500  1596M0 -5000.0  5000.0 -3288.082 0.117000    0.000    0.000    0.000   78.464 0.512 2360
Element:     969  0.200    2.5    0.00 0.000500  1612M0 -5000.0  5000.0 -3290.169 0.117000    0.000    0.000    0.000   78.944 0.516 2361
Element:     970  0.200    2.5    0.00 0.000500  1597M0 -5000.0  5000.0 -3278.676 0.117000    0.000    0.000    0.000   79.424 0.519 2362
Element:     971  0.200    2.5    0.00 0.000500  1613M0 -5000.0  5000.0 -3282.866 0.117000    0.000    0.000    0.000   79.905 0.522 2363
Element:     972  0.200    2.5    0.00 0.000500  1598M0 -5000.0  5000.0 -3285.419 0.117000    0.000    0.000    0.000   80.387 0.525 2364
Element:     973  0.200    2.5    0.00 0.000500  1614M0 -5000.0  5000.0 -3292.304 0.117000    0.000    0.000    0.000   80.869 0.528 2365
Element:     974  0.200    2.5    0.00 0.000500  1599M0 -5000.0  5000.0 -3281.345 0.117000    0.000    0.000    0.000   81.352 0.532 2366
Element:     975  0.200    2.5    0.00 0.000500  1615M0 -5000.0  5000.0 -3285.575 0.117000    0.000    0.000    0.000   81.836 0.535 2367
Element:     976  0.200    2.5    0.00 0.000500  1600M0 -5000.0  5000.0 -3289.128 0.117000    0.000    0.000    0.000   82.321 0.538 2368
Element:     977  0.200    2.5    0.00 0.000500  1616M0 -5000.0  5000.0 -3286.518 0.117000    0.000    0.000    0.000   82.811 0.529 2369
Element:     978  0.200    2.5    0.00 0.000500  1601M0 -5000.0  5000.0 -3285.112 0.117000    0.000    0.000    0.000   83.291 0.522 2370
Element:     979  0.200    2.5    0.00 0.000500  1617M0 -5000.0  5000.0 -3270.743 0.117000    0.000    0.000    0.000   83.778 0.524 2371
Element:     980  0.200    2.5    0.00 0.000500  1602M0 -5000.0  5000.0 -3283.445 0.117000    0.000    0.000    0.000   84.265 0.527 2372
Element:     981  0.200    2.5    0.00 0.000500  1618M0 -5000.0  5000.0 -3278.519 0.117000    0.000    0.000    0.000   84.752 0.531 2373
Element:     982  0.200    2.5    0.00 0.000500  1603M0 -5000.0  5000.0 -3291.447 0.117000    0.000    0.000    0.000   85.240 0.534 2374
Element:     983  0.200    2.5    0.00 0.000500  1619M0 -5000.0  5000.0 -3280.099 0.117000    0.000    0.000    0.000   85.729 0.537 2375
Element:     984  0.200    2.5    0.00 0.000500  1604M0 -5000.0  5000.0 -3281.171 0.117000    0.000    0.000    0.000   86.218 0.540 2376
Element:     985  0.200    2.5    0.00 0.000500  1620M0 -5000.0  5000.0 -3273.035 0.117000    0.000    0.000    0.000   86.709 0.543 2377
Element:     986  0.200    2.5    0.00 0.000500  1605M0 -5000.0  5000.0 -3273.326 0.117000    0.000    0.000    0.000   87.199 0.546 2378
Element:     987  0.200    2.5    0.00 0.000500  1621M0 -5000.0  5000.0 -3318.577 0.117000    0.000    0.000    0.000   87.690 0.549 2379
Element:     988  0.200    2.5    0.00 0.000500  1606M0 -5000.0  5000.0 -3277.496 0.117000    0.000    0.000    0.000   88.189 0.539 2380
Element:     989  0.200    2.5    0.00 0.000500  1622M0 -5000.0  5000.0 -3264.331 0.117000    0.000    0.000    0.000   88.674 0.528 2381
Element:     990  0.200    2.5    0.00 0.000500  1607M0 -5000.0  5000.0 -3271.664 0.117000    0.000    0.000    0.000   89.166 0.531 2382
Element:     991  0.200    2.5    0.00 0.000500  1623M0 -5000.0  5000.0 -3263.721 0.117000    0.000    0.000    0.000   89.660 0.534 2383
##													     	       	     
## G 192 - 223  Section MN										     	       	     
##													     	       	     
Element:     992  0.200    2.5    0.00 0.000500  1624M0 -5000.0  5000.0 -3243.170 0.117000    0.000    0.000    0.000   90.153 0.537 2640
Element:     993  0.200    2.5    0.00 0.000500  1640M0 -5000.0  5000.0 -3279.211 0.117000    0.000    0.000    0.000   90.647 0.540 2641
Element:     994  0.200    2.5    0.00 0.000500  1625M0 -5000.0  5000.0 -3281.874 0.117000    0.000    0.000    0.000   91.142 0.543 2642
Element:     995  0.200    2.5    0.00 0.000500  1641M0 -5000.0  5000.0 -3286.856 0.117000    0.000    0.000    0.000   91.637 0.546 2643
Element:     996  0.200    2.5    0.00 0.000500  1626M0 -5000.0  5000.0 -3291.949 0.117000    0.000    0.000    0.000   92.133 0.549 2644
Element:     997  0.200    2.5    0.00 0.000500  1642M0 -5000.0  5000.0 -3293.958 0.117000    0.000    0.000    0.000   92.629 0.552 2645
Element:     998  0.200    2.5    0.00 0.000500  1627M0 -5000.0  5000.0 -3278.477 0.117000    0.000    0.000    0.000   93.126 0.555 2646
Element:     999  0.200    2.5    0.00 0.000500  1643M0 -5000.0  5000.0 -3279.139 0.117000    0.000    0.000    0.000   93.623 0.558 2647
Element:    1000  0.200    2.5    0.00 0.000500  1628M0 -5000.0  5000.0 -3280.735 0.117000    0.000    0.000    0.000   94.127 0.549 2648
Element:    1001  0.200    2.5    0.00 0.000500  1644M0 -5000.0  5000.0 -3280.977 0.117000    0.000    0.000    0.000   94.618 0.540 2649
Element:    1002  0.200    2.5    0.00 0.000500  1629M0 -5000.0  5000.0 -3279.866 0.117000    0.000    0.000    0.000   95.117 0.543 2650
Element:    1003  0.200    2.5    0.00 0.000500  1645M0 -5000.0  5000.0 -3288.312 0.117000    0.000    0.000    0.000   95.615 0.546 2651
Element:    1004  0.200    2.5    0.00 0.000500  1630M0 -5000.0  5000.0 -3274.234 0.117000    0.000    0.000    0.000   96.115 0.549 2652
Element:    1005  0.200    2.5    0.00 0.000500  1646M0 -5000.0  5000.0 -3281.455 0.117000    0.000    0.000    0.000   96.614 0.551 2653
Element:    1006  0.200    2.5    0.00 0.000500  1631M0 -5000.0  5000.0 -3282.266 0.117000    0.000    0.000    0.000   97.114 0.554 2654
Element:    1007  0.200    2.5    0.00 0.000500  1647M0 -5000.0  5000.0 -3282.655 0.117000    0.000    0.000    0.000   97.615 0.558 2655
Element:    1008  0.200    2.5    0.00 0.000500  1632M0 -5000.0  5000.0 -3275.122 0.117000    0.000    0.000    0.000   98.115 0.560 2656
Element:    1009  0.200    2.5    0.00 0.000500  1648M0 -5000.0  5000.0 -3264.196 0.117000    0.000    0.000    0.000   98.616 0.563 2657
Element:    1010  0.200    2.5    0.00 0.000500  1633M0 -5000.0  5000.0 -3271.410 0.117000    0.000    0.000    0.000   99.118 0.566 2658
Element:    1011  0.200    2.5    0.00 0.000500  1649M0 -5000.0  5000.0 -3256.119 0.117000    0.000    0.000    0.000   99.620 0.570 2659
Element:    1012  0.200    2.5    0.00 0.000500  1634M0 -5000.0  5000.0 -3271.286 0.117000    0.000    0.000    0.000  100.129 0.557 2660
Element:    1013  0.200    2.5    0.00 0.000500  1650M0 -5000.0  5000.0 -3266.388 0.117000    0.000    0.000    0.000  100.624 0.545 2661
Element:    1014  0.200    2.5    0.00 0.000500  1635M0 -5000.0  5000.0 -3269.809 0.117000    0.000    0.000    0.000  101.127 0.548 2662
Element:    1015  0.200    2.5    0.00 0.000500  1651M0 -5000.0  5000.0 -3264.127 0.117000    0.000    0.000    0.000  101.630 0.551 2663
Element:    1016  0.200    2.5    0.00 0.000500  1636M0 -5000.0  5000.0 -3278.192 0.117000    0.000    0.000    0.000  102.134 0.554 2664
Element:    1017  0.200    2.5    0.00 0.000500  1652M0 -5000.0  5000.0 -3272.089 0.117000    0.000    0.000    0.000  102.638 0.557 2665
Element:    1018  0.200    2.5    0.00 0.000500  1637M0 -5000.0  5000.0 -3273.507 0.117000    0.000    0.000    0.000  103.141 0.560 2666
Element:    1019  0.200    2.5    0.00 0.000500  1653M0 -5000.0  5000.0 -3264.831 0.117000    0.000    0.000    0.000  103.646 0.563 2667
Element:    1020  0.200    2.5    0.00 0.000500  1638M0 -5000.0  5000.0 -3264.973 0.117000    0.000    0.000    0.000  104.151 0.566 2668
Element:    1021  0.200    2.5    0.00 0.000500  1654M0 -5000.0  5000.0 -3267.865 0.117000    0.000    0.000    0.000  104.655 0.568 2669
Element:    1022  0.200    2.5    0.00 0.000500  1639M0 -5000.0  5000.0 -3262.532 0.117000    0.000    0.000    0.000  105.161 0.571 2670
Element:    1023  0.200    2.5    0.00 0.000500  1655M0 -5000.0  5000.0 -3256.530 0.117000    0.000    0.000    0.000  105.666 0.574 2671
##													     	       	     
## G 224 - 255  Section OP										     	       	     
##													     	       	     
Element:    1024  0.200    2.5    0.00 0.000500  1656M0 -5000.0  5000.0 -3265.781 0.117000    0.000    0.000    0.000  106.179 0.562 2032
Element:    1025  0.200    2.5    0.00 0.000500  1672M0 -5000.0  5000.0 -3263.020 0.117000    0.000    0.000    0.000  106.677 0.549 2033
Element:    1026  0.200    2.5    0.00 0.000500  1657M0 -5000.0  5000.0 -3267.581 0.117000    0.000    0.000    0.000  107.183 0.552 2034
Element:    1027  0.200    2.5    0.00 0.000500  1673M0 -5000.0  5000.0 -3274.327 0.117000    0.000    0.000    0.000  107.690 0.554 2035
Element:    1028  0.200    2.5    0.00 0.000500  1658M0 -5000.0  5000.0 -3278.678 0.117000    0.000    0.000    0.000  108.196 0.557 2036
Element:    1029  0.200    2.5    0.00 0.000500  1674M0 -5000.0  5000.0 -3273.125 0.117000    0.000    0.000    0.000  108.703 0.560 2037
Element:    1030  0.200    2.5    0.00 0.000500  1659M0 -5000.0  5000.0 -3272.594 0.117000    0.000    0.000    0.000  109.210 0.563 2038
Element:    1031  0.200    2.5    0.00 0.000500  1675M0 -5000.0  5000.0 -3278.189 0.117000    0.000    0.000    0.000  109.717 0.566 2039
Element:    1032  0.200    2.5    0.00 0.000500  1660M0 -5000.0  5000.0 -3280.751 0.117000    0.000    0.000    0.000  110.225 0.569 2040
Element:    1033  0.200    2.5    0.00 0.000500  1676M0 -5000.0  5000.0 -3282.560 0.117000    0.000    0.000    0.000  110.732 0.571 2041
Element:    1034  0.200    2.5    0.00 0.000500  1661M0 -5000.0  5000.0 -3259.406 0.117000    0.000    0.000    0.000  111.240 0.574 2042
Element:    1035  0.200    2.5    0.00 0.000500  1677M0 -5000.0  5000.0 -3278.110 0.117000    0.000    0.000    0.000  111.747 0.577 2043
Element:    1036  0.200    2.5    0.00 0.000500  1662M0 -5000.0  5000.0 -3270.061 0.117000    0.000    0.000    0.000  112.262 0.566 2044
Element:    1037  0.200    2.5    0.00 0.000500  1678M0 -5000.0  5000.0 -3270.552 0.117000    0.000    0.000    0.000  112.764 0.555 2045
Element:    1038  0.200    2.5    0.00 0.000500  1663M0 -5000.0  5000.0 -3265.568 0.117000    0.000    0.000    0.000  113.272 0.558 2046
Element:    1039  0.200    2.5    0.00 0.000500  1679M0 -5000.0  5000.0 -3275.000 0.117000    0.000    0.000    0.000  113.780 0.560 2047
Element:    1040  0.200    2.5    0.00 0.000500  1664M0 -5000.0  5000.0 -3270.655 0.117000    0.000    0.000    0.000  114.289 0.563 2048
Element:    1041  0.200    2.5    0.00 0.000500  1680M0 -5000.0  5000.0 -3264.340 0.117000    0.000    0.000    0.000  114.797 0.566 2049
Element:    1042  0.200    2.5    0.00 0.000500  1665M0 -5000.0  5000.0 -3251.770 0.117000    0.000    0.000    0.000  115.306 0.568 2050
Element:    1043  0.200    2.5    0.00 0.000500  1681M0 -5000.0  5000.0 -3253.230 0.117000    0.000    0.000    0.000  115.815 0.571 2051
Element:    1044  0.200    2.5    0.00 0.000500  1666M0 -5000.0  5000.0 -3267.137 0.117000    0.000    0.000    0.000  116.324 0.574 2052
Element:    1045  0.200    2.5    0.00 0.000500  1682M0 -5000.0  5000.0 -3256.635 0.117000    0.000    0.000    0.000  116.833 0.576 2053
Element:    1046  0.200    2.5    0.00 0.000500  1667M0 -5000.0  5000.0 -3258.344 0.117000    0.000    0.000    0.000  117.342 0.579 2054
Element:    1047  0.200    2.5    0.00 0.000500  1683M0 -5000.0  5000.0 -3258.570 0.117000    0.000    0.000    0.000  117.851 0.582 2055
Element:    1048  0.200    2.5    0.00 0.000500  1668M0 -5000.0  5000.0 -3270.066 0.117000    0.000    0.000    0.000  118.368 0.570 2056
Element:    1049  0.200    2.5    0.00 0.000500  1684M0 -5000.0  5000.0 -3261.863 0.117000    0.000    0.000    0.000  118.870 0.559 2057
Element:    1050  0.200    2.5    0.00 0.000500  1669M0 -5000.0  5000.0 -3272.210 0.117000    0.000    0.000    0.000  119.379 0.562 2058
Element:    1051  0.200    2.5    0.00 0.000500  1685M0 -5000.0  5000.0 -3261.292 0.117000    0.000    0.000    0.000  119.889 0.564 2059
Element:    1052  0.200    2.5    0.00 0.000500  1670M0 -5000.0  5000.0 -3267.136 0.117000    0.000    0.000    0.000  120.398 0.567 2060
Element:    1053  0.200    2.5    0.00 0.000500  1686M0 -5000.0  5000.0 -3265.174 0.117000    0.000    0.000    0.000  120.908 0.569 2061
Element:    1054  0.200    2.5    0.00 0.000500  1671M0 -5000.0  5000.0 -3254.891 0.117000    0.000    0.000    0.000  121.417 0.572 2062
Element:    1055  0.200    2.5    0.00 0.000500  1687M0 -5000.0  5000.0 -3246.191 0.117000    0.000    0.000    0.000  121.927 0.575 2063
##													     	       	     
## G 256 - 287  Section QR										     	       	     
##													     	       	     
Element:    1056  0.200    2.5    0.00 0.000500  1688M0 -5000.0  5000.0 -3245.269 0.117000    0.000    0.000    0.000  122.437 0.577 2320
Element:    1057  0.200    2.5    0.00 0.000500  1704M0 -5000.0  5000.0 -3249.544 0.117000    0.000    0.000    0.000  122.946 0.580 2321
Element:    1058  0.200    2.5    0.00 0.000500  1689M0 -5000.0  5000.0 -3247.559 0.117000    0.000    0.000    0.000  123.456 0.582 2322
Element:    1059  0.200    2.5    0.00 0.000500  1705M0 -5000.0  5000.0 -3253.040 0.117000    0.000    0.000    0.000  123.965 0.585 2323
Element:    1060  0.200    2.5    0.00 0.000500  1690M0 -5000.0  5000.0 -3250.723 0.117000    0.000    0.000    0.000  124.482 0.573 2324
Element:    1061  0.200    2.5    0.00 0.000500  1706M0 -5000.0  5000.0 -3251.849 0.117000    0.000    0.000    0.000  124.984 0.561 2325
Element:    1062  0.200    2.5    0.00 0.000500  1691M0 -5000.0  5000.0 -3247.382 0.117000    0.000    0.000    0.000  125.494 0.563 2326
Element:    1063  0.200    2.5    0.00 0.000500  1707M0 -5000.0  5000.0 -3246.965 0.117000    0.000    0.000    0.000  126.003 0.566 2327
Element:    1064  0.200    2.5    0.00 0.000500  1692M0 -5000.0  5000.0 -3250.980 0.117000    0.000    0.000    0.000  126.513 0.568 2328
Element:    1065  0.200    2.5    0.00 0.000500  1708M0 -5000.0  5000.0 -3259.011 0.117000    0.000    0.000    0.000  127.022 0.571 2329
Element:    1066  0.200    2.5    0.00 0.000500  1693M0 -5000.0  5000.0 -3255.111 0.117000    0.000    0.000    0.000  127.532 0.573 2330
Element:    1067  0.200    2.5    0.00 0.000500  1709M0 -5000.0  5000.0 -3251.793 0.117000    0.000    0.000    0.000  128.041 0.576 2331
Element:    1068  0.200    2.5    0.00 0.000500  1694M0 -5000.0  5000.0 -3247.173 0.117000    0.000    0.000    0.000  128.550 0.579 2332
Element:    1069  0.200    2.5    0.00 0.000500  1710M0 -5000.0  5000.0 -3258.823 0.117000    0.000    0.000    0.000  129.059 0.581 2333
Element:    1070  0.200    2.5    0.00 0.000500  1695M0 -5000.0  5000.0 -3256.583 0.117000    0.000    0.000    0.000  129.569 0.583 2334
Element:    1071  0.200    2.5    0.00 0.000500  1711M0 -5000.0  5000.0 -3258.122 0.117000    0.000    0.000    0.000  130.078 0.586 2335
Element:    1072  0.200    2.5    0.00 0.000500  1696M0 -5000.0  5000.0 -3258.171 0.117000    0.000    0.000    0.000  130.593 0.575 2336
Element:    1073  0.200    2.5    0.00 0.000500  1712M0 -5000.0  5000.0 -3245.818 0.117000    0.000    0.000    0.000  131.096 0.566 2337
Element:    1074  0.200    2.5    0.00 0.000500  1697M0 -5000.0  5000.0 -3240.822 0.117000    0.000    0.000    0.000  131.604 0.568 2338
Element:    1075  0.200    2.5    0.00 0.000500  1713M0 -5000.0  5000.0 -3239.707 0.117000    0.000    0.000    0.000  132.113 0.571 2339
Element:    1076  0.200    2.5    0.00 0.000500  1698M0 -5000.0  5000.0 -3250.591 0.117000    0.000    0.000    0.000  132.622 0.573 2340
Element:    1077  0.200    2.5    0.00 0.000500  1714M0 -5000.0  5000.0 -3249.719 0.117000    0.000    0.000    0.000  133.130 0.575 2341
Element:    1078  0.200    2.5    0.00 0.000500  1699M0 -5000.0  5000.0 -3247.061 0.117000    0.000    0.000    0.000  133.638 0.578 2342
Element:    1079  0.200    2.5    0.00 0.000500  1715M0 -5000.0  5000.0 -3245.034 0.117000    0.000    0.000    0.000  134.146 0.580 2343
Element:    1080  0.200    2.5    0.00 0.000500  1700M0 -5000.0  5000.0 -3246.571 0.117000    0.000    0.000    0.000  134.654 0.583 2344
Element:    1081  0.200    2.5    0.00 0.000500  1716M0 -5000.0  5000.0 -3242.983 0.117000    0.000    0.000    0.000  135.162 0.585 2345
Element:    1082  0.200    2.5    0.00 0.000500  1701M0 -5000.0  5000.0 -3239.363 0.117000    0.000    0.000    0.000  135.670 0.587 2346
Element:    1083  0.200    2.5    0.00 0.000500  1717M0 -5000.0  5000.0 -3235.765 0.117000    0.000    0.000    0.000  136.178 0.590 2347
Element:    1084  0.200    2.5    0.00 0.000500  1702M0 -5000.0  5000.0 -3237.675 0.117000    0.000    0.000    0.000  136.693 0.577 2348
Element:    1085  0.200    2.5    0.00 0.000500  1718M0 -5000.0  5000.0 -3230.208 0.117000    0.000    0.000    0.000  137.193 0.564 2349
Element:    1086  0.200    2.5    0.00 0.000500  1703M0 -5000.0  5000.0 -3244.214 0.117000    0.000    0.000    0.000  137.700 0.566 2350
Element:    1087  0.200    2.5    0.00 0.000500  1719M0 -5000.0  5000.0 -3228.587 0.117000    0.000    0.000    0.000  138.207 0.569 2351
##													     	       	     
## G 288 - 319  Section ST										     	       	     
##													     	       	     
Element:    1088  0.200    2.5    0.00 0.000500  1720M0 -5000.0  5000.0 -3241.174 0.117000    0.000    0.000    0.000  138.714 0.571 2608
Element:    1089  0.200    2.5    0.00 0.000500  1736M0 -5000.0  5000.0 -3251.447 0.117000    0.000    0.000    0.000  139.220 0.573 2609
Element:    1090  0.200    2.5    0.00 0.000500  1721M0 -5000.0  5000.0 -3252.311 0.117000    0.000    0.000    0.000  139.727 0.575 2610
Element:    1091  0.200    2.5    0.00 0.000500  1737M0 -5000.0  5000.0 -3248.212 0.117000    0.000    0.000    0.000  140.233 0.578 2611
Element:    1092  0.200    2.5    0.00 0.000500  1722M0 -5000.0  5000.0 -3247.087 0.117000    0.000    0.000    0.000  140.739 0.580 2612
Element:    1093  0.200    2.5    0.00 0.000500  1738M0 -5000.0  5000.0 -3257.062 0.117000    0.000    0.000    0.000  141.245 0.582 2613
Element:    1094  0.200    2.5    0.00 0.000500  1723M0 -5000.0  5000.0 -3257.256 0.117000    0.000    0.000    0.000  141.751 0.585 2614
Element:    1095  0.200    2.5    0.00 0.000500  1739M0 -5000.0  5000.0 -3260.826 0.117000    0.000    0.000    0.000  142.256 0.587 2615
Element:    1096  0.200    2.5    0.00 0.000500  1724M0 -5000.0  5000.0 -3240.880 0.117000    0.000    0.000    0.000  142.768 0.576 2616
Element:    1097  0.200    2.5    0.00 0.000500  1740M0 -5000.0  5000.0 -3243.465 0.117000    0.000    0.000    0.000  143.267 0.565 2617
Element:    1098  0.200    2.5    0.00 0.000500  1725M0 -5000.0  5000.0 -3249.245 0.117000    0.000    0.000    0.000  143.772 0.568 2618
Element:    1099  0.200    2.5    0.00 0.000500  1741M0 -5000.0  5000.0 -3263.531 0.117000    0.000    0.000    0.000  144.276 0.570 2619
Element:    1100  0.200    2.5    0.00 0.000500  1726M0 -5000.0  5000.0 -3252.372 0.117000    0.000    0.000    0.000  144.781 0.572 2620
Element:    1101  0.200    2.5    0.00 0.000500  1742M0 -5000.0  5000.0 -3248.005 0.117000    0.000    0.000    0.000  145.285 0.574 2621
Element:    1102  0.200    2.5    0.00 0.000500  1727M0 -5000.0  5000.0 -3238.610 0.117000    0.000    0.000    0.000  145.789 0.576 2622
Element:    1103  0.200    2.5    0.00 0.000500  1743M0 -5000.0  5000.0 -3244.043 0.117000    0.000    0.000    0.000  146.292 0.579 2623
Element:    1104  0.200    2.5    0.00 0.000500  1728M0 -5000.0  5000.0 -3240.342 0.117000    0.000    0.000    0.000  146.796 0.581 2624
Element:    1105  0.200    2.5    0.00 0.000500  1744M0 -5000.0  5000.0 -3244.017 0.117000    0.000    0.000    0.000  147.299 0.583 2625
Element:    1106  0.200    2.5    0.00 0.000500  1729M0 -5000.0  5000.0 -3245.982 0.117000    0.000    0.000    0.000  147.802 0.585 2626
Element:    1107  0.200    2.5    0.00 0.000500  1745M0 -5000.0  5000.0 -3237.172 0.117000    0.000    0.000    0.000  148.305 0.587 2627
Element:    1108  0.200    2.5    0.00 0.000500  1730M0 -5000.0  5000.0 -3254.245 0.117000    0.000    0.000    0.000  148.814 0.576 2628
Element:    1109  0.200    2.5    0.00 0.000500  1746M0 -5000.0  5000.0 -3245.260 0.117000    0.000    0.000    0.000  149.309 0.565 2629
Element:    1110  0.200    2.5    0.00 0.000500  1731M0 -5000.0  5000.0 -3247.975 0.117000    0.000    0.000    0.000  149.811 0.567 2630
Element:    1111  0.200    2.5    0.00 0.000500  1747M0 -5000.0  5000.0 -3243.533 0.117000    0.000    0.000    0.000  150.313 0.569 2631
Element:    1112  0.200    2.5    0.00 0.000500  1732M0 -5000.0  5000.0 -3249.048 0.117000    0.000    0.000    0.000  150.814 0.571 2632
Element:    1113  0.200    2.5    0.00 0.000500  1748M0 -5000.0  5000.0 -3241.294 0.117000    0.000    0.000    0.000  151.315 0.573 2633
Element:    1114  0.200    2.5    0.00 0.000500  1733M0 -5000.0  5000.0 -3243.133 0.117000    0.000    0.000    0.000  151.816 0.575 2634
Element:    1115  0.200    2.5    0.00 0.000500  1749M0 -5000.0  5000.0 -3241.744 0.117000    0.000    0.000    0.000  152.316 0.578 2635
Element:    1116  0.200    2.5    0.00 0.000500  1734M0 -5000.0  5000.0 -3235.892 0.117000    0.000    0.000    0.000  152.816 0.580 2636
Element:    1117  0.200    2.5    0.00 0.000500  1750M0 -5000.0  5000.0 -3236.326 0.117000    0.000    0.000    0.000  153.316 0.581 2637
Element:    1118  0.200    2.5    0.00 0.000500  1735M0 -5000.0  5000.0 -3236.177 0.117000    0.000    0.000    0.000  153.816 0.584 2638
Element:    1119  0.200    2.5    0.00 0.000500  1751M0 -5000.0  5000.0 -3232.049 0.117000    0.000    0.000    0.000  154.315 0.586 2639
##													     	       	     
## G 320 - 351  Section UV										     	       	     
##													     	       	     
Element:    1120  0.200    2.5    0.00 0.000500  1752M0 -5000.0  5000.0 -3240.883 0.117000    0.000    0.000    0.000  154.814 0.588 2896
Element:    1121  0.200    2.5    0.00 0.000500  1768M0 -5000.0  5000.0 -3249.746 0.117000    0.000    0.000    0.000  155.320 0.577 2897
Element:    1122  0.200    2.5    0.00 0.000500  1753M0 -5000.0  5000.0 -3243.560 0.117000    0.000    0.000    0.000  155.811 0.565 2898
Element:    1123  0.200    2.5    0.00 0.000500  1769M0 -5000.0  5000.0 -3238.362 0.117000    0.000    0.000    0.000  156.309 0.567 2899
Element:    1124  0.200    2.5    0.00 0.000500  1754M0 -5000.0  5000.0 -3245.158 0.117000    0.000    0.000    0.000  156.807 0.569 2900
Element:    1125  0.200    2.5    0.00 0.000500  1770M0 -5000.0  5000.0 -3244.243 0.117000    0.000    0.000    0.000  157.304 0.571 2901
Element:    1126  0.200    2.5    0.00 0.000500  1755M0 -5000.0  5000.0 -3246.384 0.117000    0.000    0.000    0.000  157.801 0.573 2902
Element:    1127  0.200    2.5    0.00 0.000500  1771M0 -5000.0  5000.0 -3241.603 0.117000    0.000    0.000    0.000  158.298 0.575 2903
Element:    1128  0.200    2.5    0.00 0.000500  1756M0 -5000.0  5000.0 -3244.087 0.117000    0.000    0.000    0.000  158.794 0.577 2904
Element:    1129  0.200    2.5    0.00 0.000500  1772M0 -5000.0  5000.0 -3243.640 0.117000    0.000    0.000    0.000  159.290 0.579 2905
Element:    1130  0.200    2.5    0.00 0.000500  1757M0 -5000.0  5000.0 -3229.770 0.117000    0.000    0.000    0.000  159.785 0.581 2906
Element:    1131  0.200    2.5    0.00 0.000500  1773M0 -5000.0  5000.0 -3240.319 0.117000    0.000    0.000    0.000  160.281 0.583 2907
Element:    1132  0.200    2.5    0.00 0.000500  1758M0 -5000.0  5000.0 -3235.223 0.117000    0.000    0.000    0.000  160.776 0.585 2908
Element:    1133  0.200    2.5    0.00 0.000500  1774M0 -5000.0  5000.0 -3244.808 0.117000    0.000    0.000    0.000  161.270 0.587 2909
Element:    1134  0.200    2.5    0.00 0.000500  1759M0 -5000.0  5000.0 -3232.542 0.117000    0.000    0.000    0.000  161.771 0.575 2910
Element:    1135  0.200    2.5    0.00 0.000500  1775M0 -5000.0  5000.0 -3243.865 0.117000    0.000    0.000    0.000  162.258 0.563 2911
Element:    1136  0.200    2.5    0.00 0.000500  1760M0 -5000.0  5000.0 -3235.790 0.117000    0.000    0.000    0.000  162.752 0.565 2912
Element:    1137  0.200    2.5    0.00 0.000500  1776M0 -5000.0  5000.0 -3233.706 0.117000    0.000    0.000    0.000  163.245 0.567 2913
Element:    1138  0.200    2.5    0.00 0.000500  1761M0 -5000.0  5000.0 -3241.554 0.117000    0.000    0.000    0.000  163.737 0.569 2914
Element:    1139  0.200    2.5    0.00 0.000500  1777M0 -5000.0  5000.0 -3222.702 0.117000    0.000    0.000    0.000  164.230 0.571 2915
Element:    1140  0.200    2.5    0.00 0.000500  1762M0 -5000.0  5000.0 -3240.989 0.117000    0.000    0.000    0.000  164.722 0.573 2916
Element:    1141  0.200    2.5    0.00 0.000500  1778M0 -5000.0  5000.0 -3237.673 0.117000    0.000    0.000    0.000  165.213 0.575 2917
Element:    1142  0.200    2.5    0.00 0.000500  1763M0 -5000.0  5000.0 -3237.005 0.117000    0.000    0.000    0.000  165.705 0.576 2918
Element:    1143  0.200    2.5    0.00 0.000500  1779M0 -5000.0  5000.0 -3243.060 0.117000    0.000    0.000    0.000  166.195 0.579 2919
Element:    1144  0.200    2.5    0.00 0.000500  1764M0 -5000.0  5000.0 -3242.134 0.117000    0.000    0.000    0.000  166.686 0.580 2920
Element:    1145  0.200    2.5    0.00 0.000500  1780M0 -5000.0  5000.0 -3228.450 0.117000    0.000    0.000    0.000  167.176 0.582 2921
Element:    1146  0.200    2.5    0.00 0.000500  1765M0 -5000.0  5000.0 -3232.461 0.117000    0.000    0.000    0.000  167.665 0.584 2922
Element:    1147  0.200    2.5    0.00 0.000500  1781M0 -5000.0  5000.0 -3225.323 0.117000    0.000    0.000    0.000  168.162 0.572 2923
Element:    1148  0.200    2.5    0.00 0.000500  1766M0 -5000.0  5000.0 -3222.224 0.117000    0.000    0.000    0.000  168.644 0.559 2924
Element:    1149  0.200    2.5    0.00 0.000500  1782M0 -5000.0  5000.0 -3219.167 0.117000    0.000    0.000    0.000  169.132 0.561 2925
Element:    1150  0.200    2.5    0.00 0.000500  1767M0 -5000.0  5000.0 -3214.778 0.117000    0.000    0.000    0.000  169.620 0.563 2926
Element:    1151  0.200    2.5    0.00 0.000500  1783M0 -5000.0  5000.0 -3217.913 0.117000    0.000    0.000    0.000  170.108 0.565 2927
Initialise: 
Display: 1D Nhits       32 0 32
Display: 1D NhitsPrompt 32 0 32
Display: 1D NhitsRand   32 0 32
Display: 1D Hits        352 0 352
Display: 1D HitsPrompt  352 0 352
Display: 1D HitsRand    352 0 352
#Display: 1D EnergyOR    200 0 2.5
Display: 1D TimeOR     1000 -1000.0 1000.0
#Display: 1D Energy 100 0 2.5   0 352
#Display: 1D Time  1000 -1000.0 1000.0   0 352
#Display: 1D Eelect   352 v2u_plot/v2u_450_plot.ehist
Display: 1D ScalerCurr 352 0 352
Display: 1D ScalerAcc  352 0 352
Display: 1D Doubles  	352 0 352
Display: 1D NDoubles  	32 0 32
#Display: 2D EnergyOR 100 0 2.5 -1 Hits 352 0 352 -1
#Display: 2D EnergyOR 100 0 2.5 -1 Doubles 352 0 352 -1
Display: 2D TimeOR   200 -1000.0 1000.0 -1 Hits 352 0 352 -1
Display: 2D TimeOR   200 -1000.0 1000.0 -1 Doubles 352 0 352 -1
