## Detector setup file for Ladder
########################################################################
##
##	#FP	Energy	Time	Pos
Size: 	352 	0 	1 	1
#
Multi-hit: 8
#
##	Scalers	Calib	Overlap	Micro	#trig	Toff	Tres
Misc:	1	1	1	0	0	0	0.0
##
Window: -10. 10. -50. -30. 
##
## G 0 - 31  Section AB
##
Element:     816  0.200    2.5    0.00 0.000500  1438M0 -5000.0  5000.0 -3190.75 0.117000    0.000    0.000    0.000   60.38 1.12 24 
Element:     800  0.200    2.5    0.00 0.000500  1432M0 -5000.0  5000.0 -3189.24 0.117000    0.000    0.000    0.000   61.51 1.17 12 
Element:     817  0.200    2.5    0.00 0.000500  1454M0 -5000.0  5000.0 -3181.32 0.117000    0.000    0.000    0.000   62.68 1.21 25 
Element:     801  0.200    2.5    0.00 0.000500  1448M0 -5000.0  5000.0 -3290.20 0.117000    0.000    0.000    0.000   63.90 1.26 13 
Element:     818  0.200    2.5    0.00 0.000500  1439M0 -5000.0  5000.0 -3192.99 0.117000    0.000    0.000    0.000   65.17 1.31 26 
Element:     802  0.200    2.5    0.00 0.000500  1433M0 -5000.0  5000.0 -3291.38 0.117000    0.000    0.000    0.000   66.49 1.36 14 
Element:     819  0.200    2.5    0.00 0.000500  1455M0 -5000.0  5000.0 -3171.47 0.117000    0.000    0.000    0.000   67.86 1.41 27 
Element:     803  0.200    2.5    0.00 0.000500  1449M0 -5000.0  5000.0 -3199.76 0.117000    0.000    0.000    0.000   69.28 1.46 15 
Element:     820  0.200    2.5    0.00 0.000500  1440M0 -5000.0  5000.0 -3285.69 0.117000    0.000    0.000    0.000   70.75 1.51 28 
Element:     804  0.200    2.5    0.00 0.000500  1434M0 -5000.0  5000.0 -3289.21 0.117000    0.000    0.000    0.000   72.26 1.56 16 
Element:     821  0.200    2.5    0.00 0.000500  1456M0 -5000.0  5000.0 -3285.68 0.117000    0.000    0.000    0.000   73.83 1.61 29 
Element:     805  0.200    2.5    0.00 0.000500  1450M0 -5000.0  5000.0 -3299.13 0.117000    0.000    0.000    0.000   75.43 1.65 17 
Element:     822  0.200    2.5    0.00 0.000500  1441M0 -5000.0  5000.0 -3292.00 0.117000    0.000    0.000    0.000   77.09 1.69 30 
Element:     806  0.200    2.5    0.00 0.000500  1435M0 -5000.0  5000.0 -3289.18 0.117000    0.000    0.000    0.000   78.77 1.73 18 
Element:     823  0.200    2.5    0.00 0.000500  1457M0 -5000.0  5000.0 -3283.56 0.117000    0.000    0.000    0.000   80.50 1.76 31 
Element:     807  0.200    2.5    0.00 0.000500  1451M0 -5000.0  5000.0 -3294.32 0.117000    0.000    0.000    0.000   82.25 1.79 19 
Element:     824  0.200    2.5    0.00 0.000500  1442M0 -5000.0  5000.0 -3194.53 0.117000    0.000    0.000    0.000   84.04 1.82 32 
Element:     808  0.200    2.5    0.00 0.000500  1436M0 -5000.0  5000.0 -3299.20 0.117000    0.000    0.000    0.000   85.84 1.84 20 
Element:     825  0.200    2.5    0.00 0.000500  1458M0 -5000.0  5000.0 -3293.28 0.117000    0.000    0.000    0.000   87.66 1.85 33 
Element:     809  0.200    2.5    0.00 0.000500  1452M0 -5000.0  5000.0 -3293.81 0.117000    0.000    0.000    0.000   89.49 1.86 21 
Element:     826  0.200    2.5    0.00 0.000500  1443M0 -5000.0  5000.0 -3291.10 0.117000    0.000    0.000    0.000   91.33 1.86 34 
Element:     810  0.200    2.5    0.00 0.000500  1437M0 -5000.0  5000.0 -3302.34 0.117000    0.000    0.000    0.000   93.17 1.86 22 
Element:     827  0.200    2.5    0.00 0.000500  1459M0 -5000.0  5000.0 -3297.04 0.117000    0.000    0.000    0.000   95.00 1.85 35 
Element:     811  0.200    2.5    0.00 0.000500  1453M0 -5000.0  5000.0 -3291.92 0.117000    0.000    0.000    0.000   96.82 1.83 23 
Element:     828  0.200    2.5    0.00 0.000500  1444M0 -5000.0  5000.0 -3292.78 0.117000    0.000    0.000    0.000   98.62 1.81 36 
Element:     829  0.200    2.5    0.00 0.000500  1460M0 -5000.0  5000.0 -3283.03 0.117000    0.000    0.000    0.000  100.40 1.79 37 
Element:     830  0.200    2.5    0.00 0.000500  1445M0 -5000.0  5000.0 -3284.79 0.117000    0.000    0.000    0.000  102.14 1.76 38 
Element:     831  0.200    2.5    0.00 0.000500  1461M0 -5000.0  5000.0 -3286.61 0.117000    0.000    0.000    0.000  103.87 1.73 39 
Element:     812  0.200    2.5    0.00 0.000500  1446M0 -5000.0  5000.0 -3284.55 0.117000    0.000    0.000    0.000  105.55 1.70 40 
Element:     813  0.200    2.5    0.00 0.000500  1462M0 -5000.0  5000.0 -3282.49 0.117000    0.000    0.000    0.000  107.21 1.67 41 
Element:     814  0.200    2.5    0.00 0.000500  1447M0 -5000.0  5000.0 -3174.50 0.117000    0.000    0.000    0.000  108.85 1.65 42 
Element:     815  0.200    2.5    0.00 0.000500  1463M0 -5000.0  5000.0 -3283.18 0.117000    0.000    0.000    0.000  110.46 1.62 43 
##														      	       
## G 32 - 63  Section CD											      	       
##														      	       
Element:     832  0.200    2.5    0.00 0.000500  1464M0 -5000.0  5000.0 -3294.88 0.117000    0.000    0.000    0.000  112.03 1.63 44 
Element:     833  0.200    2.5    0.00 0.000500  1480M0 -5000.0  5000.0 -3297.35 0.117000    0.000    0.000    0.000  113.62 1.66 45 
Element:     834  0.200    2.5    0.00 0.000500  1465M0 -5000.0  5000.0 -3291.71 0.117000    0.000    0.000    0.000  115.19 1.68 46 
Element:     835  0.200    2.5    0.00 0.000500  1481M0 -5000.0  5000.0 -3293.39 0.117000    0.000    0.000    0.000  116.77 1.69 47 
Element:     836  0.200    2.5    0.00 0.000500  1466M0 -5000.0  5000.0 -3293.61 0.117000    0.000    0.000    0.000  118.36 1.70 48 
Element:     837  0.200    2.5    0.00 0.000500  1482M0 -5000.0  5000.0 -3296.98 0.117000    0.000    0.000    0.000  119.96 1.71 49 
Element:     838  0.200    2.5    0.00 0.000500  1467M0 -5000.0  5000.0 -3291.22 0.117000    0.000    0.000    0.000  121.60 1.68 50 
Element:     839  0.200    2.5    0.00 0.000500  1483M0 -5000.0  5000.0 -3292.14 0.117000    0.000    0.000    0.000  123.19 1.66 51 
Element:     840  0.200    2.5    0.00 0.000500  1468M0 -5000.0  5000.0 -3292.94 0.117000    0.000    0.000    0.000  124.81 1.67 52 
Element:     841  0.200    2.5    0.00 0.000500  1484M0 -5000.0  5000.0 -3292.00 0.117000    0.000    0.000    0.000  126.44 1.69 53 
Element:     842  0.200    2.5    0.00 0.000500  1469M0 -5000.0  5000.0 -3286.52 0.117000    0.000    0.000    0.000  128.08 1.70 54 
Element:     843  0.200    2.5    0.00 0.000500  1485M0 -5000.0  5000.0 -3291.10 0.117000    0.000    0.000    0.000  129.72 1.72 55 
Element:     844  0.200    2.5    0.00 0.000500  1470M0 -5000.0  5000.0 -3284.70 0.117000    0.000    0.000    0.000  131.37 1.74 56 
Element:     845  0.200    2.5    0.00 0.000500  1486M0 -5000.0  5000.0 -3293.71 0.117000    0.000    0.000    0.000  133.02 1.75 57 
Element:     846  0.200    2.5    0.00 0.000500  1471M0 -5000.0  5000.0 -3283.35 0.117000    0.000    0.000    0.000  134.68 1.77 58 
Element:     847  0.200    2.5    0.00 0.000500  1487M0 -5000.0  5000.0 -3289.13 0.117000    0.000    0.000    0.000  136.35 1.78 59 
Element:     848  0.200    2.5    0.00 0.000500  1472M0 -5000.0  5000.0 -3287.96 0.117000    0.000    0.000    0.000  138.04 1.75 60 
Element:     849  0.200    2.5    0.00 0.000500  1488M0 -5000.0  5000.0 -3285.47 0.117000    0.000    0.000    0.000  139.70 1.73 61 
Element:     850  0.200    2.5    0.00 0.000500  1473M0 -5000.0  5000.0 -3299.05 0.117000    0.000    0.000    0.000  141.38 1.74 62 
Element:     851  0.200    2.5    0.00 0.000500  1489M0 -5000.0  5000.0 -3281.39 0.117000    0.000    0.000    0.000  143.08 1.76 63 
Element:     852  0.200    2.5    0.00 0.000500  1474M0 -5000.0  5000.0 -3302.55 0.117000    0.000    0.000    0.000  144.77 1.78 64 
Element:     853  0.200    2.5    0.00 0.000500  1490M0 -5000.0  5000.0 -3288.54 0.117000    0.000    0.000    0.000  146.48 1.79 65 
Element:     854  0.200    2.5    0.00 0.000500  1475M0 -5000.0  5000.0 -3296.87 0.117000    0.000    0.000    0.000  148.19 1.81 66 
Element:     855  0.200    2.5    0.00 0.000500  1491M0 -5000.0  5000.0 -3287.77 0.117000    0.000    0.000    0.000  149.91 1.82 67 
Element:     856  0.200    2.5    0.00 0.000500  1476M0 -5000.0  5000.0 -3292.99 0.117000    0.000    0.000    0.000  151.65 1.80 68 
Element:     857  0.200    2.5    0.00 0.000500  1492M0 -5000.0  5000.0 -3287.85 0.117000    0.000    0.000    0.000  153.37 1.78 69 
Element:     858  0.200    2.5    0.00 0.000500  1477M0 -5000.0  5000.0 -3285.51 0.117000    0.000    0.000    0.000  155.10 1.80 70 
Element:     859  0.200    2.5    0.00 0.000500  1493M0 -5000.0  5000.0 -3280.86 0.117000    0.000    0.000    0.000  156.85 1.81 71 
Element:     860  0.200    2.5    0.00 0.000500  1478M0 -5000.0  5000.0 -3277.78 0.117000    0.000    0.000    0.000  158.60 1.83 72 
Element:     861  0.200    2.5    0.00 0.000500  1494M0 -5000.0  5000.0 -3282.13 0.117000    0.000    0.000    0.000  160.36 1.84 73 
Element:     862  0.200    2.5    0.00 0.000500  1479M0 -5000.0  5000.0 -3286.85 0.117000    0.000    0.000    0.000  162.12 1.86 74 
Element:     863  0.200    2.5    0.00 0.000500  1495M0 -5000.0  5000.0 -3277.81 0.117000    0.000    0.000    0.000  163.89 1.88 75 
##														      	       
## G 64 - 95  Section EF											      	       
##														      	       
Element:     864  0.200    2.5    0.00 0.000500  1496M0 -5000.0  5000.0 -3284.48 0.117000    0.000    0.000    0.000  165.67 1.90 76 
Element:     865  0.200    2.5    0.00 0.000500  1512M0 -5000.0  5000.0 -3290.23 0.117000    0.000    0.000    0.000  167.46 1.91 77 
Element:     866  0.200    2.5    0.00 0.000500  1497M0 -5000.0  5000.0 -3298.51 0.117000    0.000    0.000    0.000  169.25 1.93 78 
Element:     867  0.200    2.5    0.00 0.000500  1513M0 -5000.0  5000.0 -3294.41 0.117000    0.000    0.000    0.000  171.07 1.90 79 
Element:     868  0.200    2.5    0.00 0.000500  1498M0 -5000.0  5000.0 -3292.23 0.117000    0.000    0.000    0.000  172.85 1.87 80 
Element:     869  0.200    2.5    0.00 0.000500  1514M0 -5000.0  5000.0 -3295.86 0.117000    0.000    0.000    0.000  174.66 1.88 81 
Element:     870  0.200    2.5    0.00 0.000500  1499M0 -5000.0  5000.0 -3287.36 0.117000    0.000    0.000    0.000  176.48 1.90 82 
Element:     871  0.200    2.5    0.00 0.000500  1515M0 -5000.0  5000.0 -3285.71 0.117000    0.000    0.000    0.000  178.31 1.92 83 
Element:     872  0.200    2.5    0.00 0.000500  1500M0 -5000.0  5000.0 -3292.76 0.117000    0.000    0.000    0.000  180.14 1.93 84 
Element:     873  0.200    2.5    0.00 0.000500  1516M0 -5000.0  5000.0 -3295.73 0.117000    0.000    0.000    0.000  181.98 1.95 85 
Element:     874  0.200    2.5    0.00 0.000500  1501M0 -5000.0  5000.0 -3281.72 0.117000    0.000    0.000    0.000  183.82 1.97 86 
Element:     875  0.200    2.5    0.00 0.000500  1517M0 -5000.0  5000.0 -3297.84 0.117000    0.000    0.000    0.000  185.67 1.98 87 
Element:     876  0.200    2.5    0.00 0.000500  1502M0 -5000.0  5000.0 -3296.00 0.117000    0.000    0.000    0.000  187.55 1.96 88 
Element:     877  0.200    2.5    0.00 0.000500  1518M0 -5000.0  5000.0 -3285.40 0.117000    0.000    0.000    0.000  189.40 1.94 89 
Element:     878  0.200    2.5    0.00 0.000500  1503M0 -5000.0  5000.0 -3277.00 0.117000    0.000    0.000    0.000  191.27 1.95 90 
Element:     879  0.200    2.5    0.00 0.000500  1519M0 -5000.0  5000.0 -3289.83 0.117000    0.000    0.000    0.000  193.15 1.97 91 
Element:     880  0.200    2.5    0.00 0.000500  1504M0 -5000.0  5000.0 -3283.98 0.117000    0.000    0.000    0.000  195.03 1.99 92 
Element:     881  0.200    2.5    0.00 0.000500  1520M0 -5000.0  5000.0 -3287.49 0.117000    0.000    0.000    0.000  196.92 2.00 93 
Element:     882  0.200    2.5    0.00 0.000500  1505M0 -5000.0  5000.0 -3295.94 0.117000    0.000    0.000    0.000  198.82 2.02 94 
Element:     883  0.200    2.5    0.00 0.000500  1521M0 -5000.0  5000.0 -3285.34 0.117000    0.000    0.000    0.000  200.72 2.03 95 
Element:     884  0.200    2.5    0.00 0.000500  1506M0 -5000.0  5000.0 -3299.87 0.117000    0.000    0.000    0.000  202.63 2.05 96 
Element:     885  0.200    2.5    0.00 0.000500  1522M0 -5000.0  5000.0 -3292.48 0.117000    0.000    0.000    0.000  204.57 2.02 97 
Element:     886  0.200    2.5    0.00 0.000500  1507M0 -5000.0  5000.0 -3297.43 0.117000    0.000    0.000    0.000  206.48 2.00 98 
Element:     887  0.200    2.5    0.00 0.000500  1523M0 -5000.0  5000.0 -3297.24 0.117000    0.000    0.000    0.000  208.41 2.01 99 
Element:     888  0.200    2.5    0.00 0.000500  1508M0 -5000.0  5000.0 -3293.80 0.117000    0.000    0.000    0.000  210.34 2.03 100
Element:     889  0.200    2.5    0.00 0.000500  1524M0 -5000.0  5000.0 -3278.68 0.117000    0.000    0.000    0.000  212.29 2.05 101
Element:     890  0.200    2.5    0.00 0.000500  1509M0 -5000.0  5000.0 -3285.68 0.117000    0.000    0.000    0.000  214.24 2.06 102
Element:     891  0.200    2.5    0.00 0.000500  1525M0 -5000.0  5000.0 -3292.13 0.117000    0.000    0.000    0.000  216.19 2.08 103
Element:     892  0.200    2.5    0.00 0.000500  1510M0 -5000.0  5000.0 -3288.99 0.117000    0.000    0.000    0.000  218.15 2.10 104
Element:     893  0.200    2.5    0.00 0.000500  1526M0 -5000.0  5000.0 -3289.46 0.117000    0.000    0.000    0.000  220.12 2.11 105
Element:     894  0.200    2.5    0.00 0.000500  1511M0 -5000.0  5000.0 -3282.81 0.117000    0.000    0.000    0.000  222.12 2.09 106
Element:     895  0.200    2.5    0.00 0.000500  1527M0 -5000.0  5000.0 -3269.64 0.117000    0.000    0.000    0.000  224.08 2.07 107
##														      	       
## G 96 - 127  Section GH											      	       
##														      	       
Element:     896  0.200    2.5    0.00 0.000500  1528M0 -5000.0  5000.0 -3155.90 0.117000    0.000    0.000    0.000  226.07 2.09 108
Element:     897  0.200    2.5    0.00 0.000500  1544M0 -5000.0  5000.0 -3289.33 0.117000    0.000    0.000    0.000  228.06 2.10 109
Element:     898  0.200    2.5    0.00 0.000500  1529M0 -5000.0  5000.0 -3288.98 0.117000    0.000    0.000    0.000  230.06 2.12 110
Element:     899  0.200    2.5    0.00 0.000500  1545M0 -5000.0  5000.0 -3281.70 0.117000    0.000    0.000    0.000  232.07 2.14 111
Element:     900  0.200    2.5    0.00 0.000500  1530M0 -5000.0  5000.0 -3285.14 0.117000    0.000    0.000    0.000  234.08 2.15 112
Element:     901  0.200    2.5    0.00 0.000500  1546M0 -5000.0  5000.0 -3285.17 0.117000    0.000    0.000    0.000  236.10 2.17 113
Element:     902  0.200    2.5    0.00 0.000500  1531M0 -5000.0  5000.0 -3282.25 0.117000    0.000    0.000    0.000  238.12 2.19 114
Element:     903  0.200    2.5    0.00 0.000500  1547M0 -5000.0  5000.0 -3282.11 0.117000    0.000    0.000    0.000  240.17 2.16 115
Element:     904  0.200    2.5    0.00 0.000500  1532M0 -5000.0  5000.0 -3283.83 0.117000    0.000    0.000    0.000  242.19 2.13 116
Element:     905  0.200    2.5    0.00 0.000500  1548M0 -5000.0  5000.0 -3285.58 0.117000    0.000    0.000    0.000  244.23 2.14 117
Element:     906  0.200    2.5    0.00 0.000500  1533M0 -5000.0  5000.0 -3279.30 0.117000    0.000    0.000    0.000  246.28 2.16 118
Element:     907  0.200    2.5    0.00 0.000500  1549M0 -5000.0  5000.0 -3282.22 0.117000    0.000    0.000    0.000  248.33 2.17 119
Element:     908  0.200    2.5    0.00 0.000500  1534M0 -5000.0  5000.0 -3276.25 0.117000    0.000    0.000    0.000  250.39 2.19 120
Element:     909  0.200    2.5    0.00 0.000500  1550M0 -5000.0  5000.0 -3275.50 0.117000    0.000    0.000    0.000  252.46 2.21 121
Element:     910  0.200    2.5    0.00 0.000500  1535M0 -5000.0  5000.0 -3270.68 0.117000    0.000    0.000    0.000  254.53 2.23 122
Element:     911  0.200    2.5    0.00 0.000500  1551M0 -5000.0  5000.0 -3279.40 0.117000    0.000    0.000    0.000  256.61 2.24 123
Element:     912  0.200    2.5    0.00 0.000500  1536M0 -5000.0  5000.0 -3277.80 0.117000    0.000    0.000    0.000  258.69 2.26 124
Element:     913  0.200    2.5    0.00 0.000500  1552M0 -5000.0  5000.0 -3283.60 0.117000    0.000    0.000    0.000  260.80 2.23 125
Element:     914  0.200    2.5    0.00 0.000500  1537M0 -5000.0  5000.0 -3291.05 0.117000    0.000    0.000    0.000  262.88 2.21 126
Element:     915  0.200    2.5    0.00 0.000500  1553M0 -5000.0  5000.0 -3280.11 0.117000    0.000    0.000    0.000  264.98 2.22 127
Element:     916  0.200    2.5    0.00 0.000500  1538M0 -5000.0  5000.0 -3295.74 0.117000    0.000    0.000    0.000  267.08 2.24 128
Element:     917  0.200    2.5    0.00 0.000500  1554M0 -5000.0  5000.0 -3282.05 0.117000    0.000    0.000    0.000  269.20 2.26 129
Element:     918  0.200    2.5    0.00 0.000500  1539M0 -5000.0  5000.0 -3280.26 0.117000    0.000    0.000    0.000  271.31 2.27 130
Element:     919  0.200    2.5    0.00 0.000500  1555M0 -5000.0  5000.0 -3277.11 0.117000    0.000    0.000    0.000  273.44 2.29 131
Element:     920  0.200    2.5    0.00 0.000500  1540M0 -5000.0  5000.0 -3280.64 0.117000    0.000    0.000    0.000  275.57 2.31 132
Element:     921  0.200    2.5    0.00 0.000500  1556M0 -5000.0  5000.0 -3266.17 0.117000    0.000    0.000    0.000  277.70 2.32 133
Element:     922  0.200    2.5    0.00 0.000500  1541M0 -5000.0  5000.0 -3279.67 0.117000    0.000    0.000    0.000  279.84 2.34 134
Element:     923  0.200    2.5    0.00 0.000500  1557M0 -5000.0  5000.0 -3270.53 0.117000    0.000    0.000    0.000  282.01 2.30 135
Element:     924  0.200    2.5    0.00 0.000500  1542M0 -5000.0  5000.0 -3264.93 0.117000    0.000    0.000    0.000  284.14 2.27 136
Element:     925  0.200    2.5    0.00 0.000500  1558M0 -5000.0  5000.0 -3266.23 0.117000    0.000    0.000    0.000  286.29 2.28 137
Element:     926  0.200    2.5    0.00 0.000500  1543M0 -5000.0  5000.0 -3270.63 0.117000    0.000    0.000    0.000  288.45 2.30 138
Element:     927  0.200    2.5    0.00 0.000500  1559M0 -5000.0  5000.0 -3262.37 0.117000    0.000    0.000    0.000  290.62 2.32 139
##														      	       
## G 128 - 159  Section IJ											      	       
##														      	       
Element:     928  0.200    2.5    0.00 0.000500  1560M0 -5000.0  5000.0 -3258.48 0.117000    0.000    0.000    0.000  292.79 2.33 140
Element:     929  0.200    2.5    0.00 0.000500  1576M0 -5000.0  5000.0 -3258.15 0.117000    0.000    0.000    0.000  294.97 2.35 141
Element:     930  0.200    2.5    0.00 0.000500  1561M0 -5000.0  5000.0 -3264.81 0.117000    0.000    0.000    0.000  297.15 2.37 142
Element:     931  0.200    2.5    0.00 0.000500  1577M0 -5000.0  5000.0 -3271.03 0.117000    0.000    0.000    0.000  299.34 2.38 143
Element:     932  0.200    2.5    0.00 0.000500  1562M0 -5000.0  5000.0 -3273.05 0.117000    0.000    0.000    0.000  301.53 2.40 144
Element:     933  0.200    2.5    0.00 0.000500  1578M0 -5000.0  5000.0 -3264.13 0.117000    0.000    0.000    0.000  303.75 2.36 145
Element:     934  0.200    2.5    0.00 0.000500  1563M0 -5000.0  5000.0 -3270.32 0.117000    0.000    0.000    0.000  305.93 2.32 146
Element:     935  0.200    2.5    0.00 0.000500  1579M0 -5000.0  5000.0 -3274.08 0.117000    0.000    0.000    0.000  308.13 2.34 147
Element:     936  0.200    2.5    0.00 0.000500  1564M0 -5000.0  5000.0 -3272.12 0.117000    0.000    0.000    0.000  310.35 2.36 148
Element:     937  0.200    2.5    0.00 0.000500  1580M0 -5000.0  5000.0 -3272.24 0.117000    0.000    0.000    0.000  312.56 2.37 149
Element:     938  0.200    2.5    0.00 0.000500  1565M0 -5000.0  5000.0 -3261.27 0.117000    0.000    0.000    0.000  314.78 2.39 150
Element:     939  0.200    2.5    0.00 0.000500  1581M0 -5000.0  5000.0 -3271.45 0.117000    0.000    0.000    0.000  317.01 2.40 151
Element:     940  0.200    2.5    0.00 0.000500  1566M0 -5000.0  5000.0 -3264.99 0.117000    0.000    0.000    0.000  319.24 2.42 152
Element:     941  0.200    2.5    0.00 0.000500  1582M0 -5000.0  5000.0 -3265.93 0.117000    0.000    0.000    0.000  321.48 2.44 153
Element:     942  0.200    2.5    0.00 0.000500  1567M0 -5000.0  5000.0 -3264.64 0.117000    0.000    0.000    0.000  323.72 2.45 154
Element:     943  0.200    2.5    0.00 0.000500  1583M0 -5000.0  5000.0 -3271.75 0.117000    0.000    0.000    0.000  325.96 2.47 155
Element:     944  0.200    2.5    0.00 0.000500  1568M0 -5000.0  5000.0 -3271.23 0.117000    0.000    0.000    0.000  328.25 2.43 156
Element:     945  0.200    2.5    0.00 0.000500  1584M0 -5000.0  5000.0 -3266.86 0.117000    0.000    0.000    0.000  330.50 2.39 157
Element:     946  0.200    2.5    0.00 0.000500  1569M0 -5000.0  5000.0 -3272.73 0.117000    0.000    0.000    0.000  332.77 2.41 158
Element:     947  0.200    2.5    0.00 0.000500  1585M0 -5000.0  5000.0 -3259.44 0.117000    0.000    0.000    0.000  335.05 2.42 159
Element:     948  0.200    2.5    0.00 0.000500  1570M0 -5000.0  5000.0 -3270.86 0.117000    0.000    0.000    0.000  337.33 2.44 160
Element:     949  0.200    2.5    0.00 0.000500  1586M0 -5000.0  5000.0 -3262.27 0.117000    0.000    0.000    0.000  339.62 2.45 161
Element:     950  0.200    2.5    0.00 0.000500  1571M0 -5000.0  5000.0 -3272.03 0.117000    0.000    0.000    0.000  341.91 2.47 162
Element:     951  0.200    2.5    0.00 0.000500  1587M0 -5000.0  5000.0 -3265.39 0.117000    0.000    0.000    0.000  344.21 2.48 163
Element:     952  0.200    2.5    0.00 0.000500  1572M0 -5000.0  5000.0 -3272.49 0.117000    0.000    0.000    0.000  346.51 2.50 164
Element:     953  0.200    2.5    0.00 0.000500  1588M0 -5000.0  5000.0 -3254.39 0.117000    0.000    0.000    0.000  348.81 2.52 165
Element:     954  0.200    2.5    0.00 0.000500  1573M0 -5000.0  5000.0 -3265.06 0.117000    0.000    0.000    0.000  351.12 2.53 166
Element:     955  0.200    2.5    0.00 0.000500  1589M0 -5000.0  5000.0 -3260.28 0.117000    0.000    0.000    0.000  353.47 2.49 167
Element:     956  0.200    2.5    0.00 0.000500  1574M0 -5000.0  5000.0 -3262.04 0.117000    0.000    0.000    0.000  355.75 2.45 168
Element:     957  0.200    2.5    0.00 0.000500  1590M0 -5000.0  5000.0 -3260.33 0.117000    0.000    0.000    0.000  358.07 2.46 169
Element:     958  0.200    2.5    0.00 0.000500  1575M0 -5000.0  5000.0 -3260.31 0.117000    0.000    0.000    0.000  360.40 2.48 170
Element:     959  0.200    2.5    0.00 0.000500  1591M0 -5000.0  5000.0 -3257.77 0.117000    0.000    0.000    0.000  362.73 2.49 171
##														      	       
## G 160 - 191  Section KL											      	       
##														      	       
Element:     960  0.200    2.5    0.00 0.000500  1592M0 -5000.0  5000.0 -3263.62 0.117000    0.000    0.000    0.000  365.06 2.51 172
Element:     961  0.200    2.5    0.00 0.000500  1608M0 -5000.0  5000.0 -3270.76 0.117000    0.000    0.000    0.000  367.40 2.52 173
Element:     962  0.200    2.5    0.00 0.000500  1593M0 -5000.0  5000.0 -3265.57 0.117000    0.000    0.000    0.000  369.74 2.54 174
Element:     963  0.200    2.5    0.00 0.000500  1609M0 -5000.0  5000.0 -3262.87 0.117000    0.000    0.000    0.000  372.08 2.56 175
Element:     964  0.200    2.5    0.00 0.000500  1594M0 -5000.0  5000.0 -3253.13 0.117000    0.000    0.000    0.000  374.43 2.57 176
Element:     965  0.200    2.5    0.00 0.000500  1610M0 -5000.0  5000.0 -3252.11 0.117000    0.000    0.000    0.000  376.78 2.59 177
Element:     966  0.200    2.5    0.00 0.000500  1595M0 -5000.0  5000.0 -3254.39 0.117000    0.000    0.000    0.000  379.17 2.54 178
Element:     967  0.200    2.5    0.00 0.000500  1611M0 -5000.0  5000.0 -3253.91 0.117000    0.000    0.000    0.000  381.50 2.50 179
Element:     968  0.200    2.5    0.00 0.000500  1596M0 -5000.0  5000.0 -3267.24 0.117000    0.000    0.000    0.000  383.86 2.51 180
Element:     969  0.200    2.5    0.00 0.000500  1612M0 -5000.0  5000.0 -3266.36 0.117000    0.000    0.000    0.000  386.23 2.53 181
Element:     970  0.200    2.5    0.00 0.000500  1597M0 -5000.0  5000.0 -3254.37 0.117000    0.000    0.000    0.000  388.60 2.54 182
Element:     971  0.200    2.5    0.00 0.000500  1613M0 -5000.0  5000.0 -3258.51 0.117000    0.000    0.000    0.000  390.97 2.56 183
Element:     972  0.200    2.5    0.00 0.000500  1598M0 -5000.0  5000.0 -3261.98 0.117000    0.000    0.000    0.000  393.35 2.57 184
Element:     973  0.200    2.5    0.00 0.000500  1614M0 -5000.0  5000.0 -3269.58 0.117000    0.000    0.000    0.000  395.73 2.59 185
Element:     974  0.200    2.5    0.00 0.000500  1599M0 -5000.0  5000.0 -3259.35 0.117000    0.000    0.000    0.000  398.11 2.60 186
Element:     975  0.200    2.5    0.00 0.000500  1615M0 -5000.0  5000.0 -3261.70 0.117000    0.000    0.000    0.000  400.50 2.62 187
Element:     976  0.200    2.5    0.00 0.000500  1600M0 -5000.0  5000.0 -3267.20 0.117000    0.000    0.000    0.000  402.89 2.63 188
Element:     977  0.200    2.5    0.00 0.000500  1616M0 -5000.0  5000.0 -3264.25 0.117000    0.000    0.000    0.000  405.31 2.60 189
Element:     978  0.200    2.5    0.00 0.000500  1601M0 -5000.0  5000.0 -3260.07 0.117000    0.000    0.000    0.000  407.67 2.55 190
Element:     979  0.200    2.5    0.00 0.000500  1617M0 -5000.0  5000.0 -3248.73 0.117000    0.000    0.000    0.000  410.07 2.57 191
Element:     980  0.200    2.5    0.00 0.000500  1602M0 -5000.0  5000.0 -3263.70 0.117000    0.000    0.000    0.000  412.48 2.58 192
Element:     981  0.200    2.5    0.00 0.000500  1618M0 -5000.0  5000.0 -3255.80 0.117000    0.000    0.000    0.000  414.88 2.60 193
Element:     982  0.200    2.5    0.00 0.000500  1603M0 -5000.0  5000.0 -3268.13 0.117000    0.000    0.000    0.000  417.29 2.62 194
Element:     983  0.200    2.5    0.00 0.000500  1619M0 -5000.0  5000.0 -3257.35 0.117000    0.000    0.000    0.000  419.70 2.63 195
Element:     984  0.200    2.5    0.00 0.000500  1604M0 -5000.0  5000.0 -3259.81 0.117000    0.000    0.000    0.000  422.11 2.65 196
Element:     985  0.200    2.5    0.00 0.000500  1620M0 -5000.0  5000.0 -3085.78 0.117000    0.000    0.000    0.000  424.53 2.66 197
Element:     986  0.200    2.5    0.00 0.000500  1605M0 -5000.0  5000.0 -3249.06 0.117000    0.000    0.000    0.000  426.95 2.68 198
Element:     987  0.200    2.5    0.00 0.000500  1621M0 -5000.0  5000.0 -3299.98 0.117000    0.000    0.000    0.000  429.37 2.69 199
Element:     988  0.200    2.5    0.00 0.000500  1606M0 -5000.0  5000.0 -3253.43 0.117000    0.000    0.000    0.000  431.83 2.64 200
Element:     989  0.200    2.5    0.00 0.000500  1622M0 -5000.0  5000.0 -3241.78 0.117000    0.000    0.000    0.000  434.22 2.59 201
Element:     990  0.200    2.5    0.00 0.000500  1607M0 -5000.0  5000.0 -3248.82 0.117000    0.000    0.000    0.000  436.65 2.60 202
Element:     991  0.200    2.5    0.00 0.000500  1623M0 -5000.0  5000.0 -3240.40 0.117000    0.000    0.000    0.000  439.08 2.62 203
##														      	       
## G 192 - 223  Section MN											      	       
##														      	       
Element:     992  0.200    2.5    0.00 0.000500  1624M0 -5000.0  5000.0 -3243.17 0.117000    0.000    0.000    0.000  441.52 2.63 204
Element:     993  0.200    2.5    0.00 0.000500  1640M0 -5000.0  5000.0 -3275.13 0.117000    0.000    0.000    0.000  443.96 2.65 205
Element:     994  0.200    2.5    0.00 0.000500  1625M0 -5000.0  5000.0 -3276.96 0.117000    0.000    0.000    0.000  446.40 2.66 206
Element:     995  0.200    2.5    0.00 0.000500  1641M0 -5000.0  5000.0 -3282.08 0.117000    0.000    0.000    0.000  448.84 2.68 207
Element:     996  0.200    2.5    0.00 0.000500  1626M0 -5000.0  5000.0 -3286.00 0.117000    0.000    0.000    0.000  451.28 2.69 208
Element:     997  0.200    2.5    0.00 0.000500  1642M0 -5000.0  5000.0 -3285.47 0.117000    0.000    0.000    0.000  453.73 2.71 209
Element:     998  0.200    2.5    0.00 0.000500  1627M0 -5000.0  5000.0 -3272.88 0.117000    0.000    0.000    0.000  456.18 2.72 210
Element:     999  0.200    2.5    0.00 0.000500  1643M0 -5000.0  5000.0 -3273.30 0.117000    0.000    0.000    0.000  458.63 2.74 211
Element:    1000  0.200    2.5    0.00 0.000500  1628M0 -5000.0  5000.0 -3276.36 0.117000    0.000    0.000    0.000  461.11 2.69 212
Element:    1001  0.200    2.5    0.00 0.000500  1644M0 -5000.0  5000.0 -3274.50 0.117000    0.000    0.000    0.000  463.54 2.64 213
Element:    1002  0.200    2.5    0.00 0.000500  1629M0 -5000.0  5000.0 -3271.31 0.117000    0.000    0.000    0.000  466.00 2.66 214
Element:    1003  0.200    2.5    0.00 0.000500  1645M0 -5000.0  5000.0 -3282.84 0.117000    0.000    0.000    0.000  468.46 2.67 215
Element:    1004  0.200    2.5    0.00 0.000500  1630M0 -5000.0  5000.0 -3270.96 0.117000    0.000    0.000    0.000  470.92 2.69 216
Element:    1005  0.200    2.5    0.00 0.000500  1646M0 -5000.0  5000.0 -3276.73 0.117000    0.000    0.000    0.000  473.38 2.70 217
Element:    1006  0.200    2.5    0.00 0.000500  1631M0 -5000.0  5000.0 -3272.00 0.117000    0.000    0.000    0.000  475.85 2.72 218
Element:    1007  0.200    2.5    0.00 0.000500  1647M0 -5000.0  5000.0 -3274.75 0.117000    0.000    0.000    0.000  478.32 2.73 219
Element:    1008  0.200    2.5    0.00 0.000500  1632M0 -5000.0  5000.0 -3268.49 0.117000    0.000    0.000    0.000  480.79 2.75 220
Element:    1009  0.200    2.5    0.00 0.000500  1648M0 -5000.0  5000.0 -3258.43 0.117000    0.000    0.000    0.000  483.26 2.76 221
Element:    1010  0.200    2.5    0.00 0.000500  1633M0 -5000.0  5000.0 -3265.47 0.117000    0.000    0.000    0.000  485.73 2.78 222
Element:    1011  0.200    2.5    0.00 0.000500  1649M0 -5000.0  5000.0 -3250.50 0.117000    0.000    0.000    0.000  488.20 2.79 223
Element:    1012  0.200    2.5    0.00 0.000500  1634M0 -5000.0  5000.0 -3265.35 0.117000    0.000    0.000    0.000  490.72 2.73 224
Element:    1013  0.200    2.5    0.00 0.000500  1650M0 -5000.0  5000.0 -3260.71 0.117000    0.000    0.000    0.000  493.16 2.67 225
Element:    1014  0.200    2.5    0.00 0.000500  1635M0 -5000.0  5000.0 -3262.25 0.117000    0.000    0.000    0.000  495.64 2.69 226
Element:    1015  0.200    2.5    0.00 0.000500  1651M0 -5000.0  5000.0 -3259.41 0.117000    0.000    0.000    0.000  498.12 2.70 227
Element:    1016  0.200    2.5    0.00 0.000500  1636M0 -5000.0  5000.0 -3272.70 0.117000    0.000    0.000    0.000  500.60 2.71 228
Element:    1017  0.200    2.5    0.00 0.000500  1652M0 -5000.0  5000.0 -3265.84 0.117000    0.000    0.000    0.000  503.09 2.73 229
Element:    1018  0.200    2.5    0.00 0.000500  1637M0 -5000.0  5000.0 -3267.53 0.117000    0.000    0.000    0.000  505.57 2.74 230
Element:    1019  0.200    2.5    0.00 0.000500  1653M0 -5000.0  5000.0 -3259.62 0.117000    0.000    0.000    0.000  508.06 2.76 231
Element:    1020  0.200    2.5    0.00 0.000500  1638M0 -5000.0  5000.0 -3258.33 0.117000    0.000    0.000    0.000  510.55 2.77 232
Element:    1021  0.200    2.5    0.00 0.000500  1654M0 -5000.0  5000.0 -3263.21 0.117000    0.000    0.000    0.000  513.04 2.78 233
Element:    1022  0.200    2.5    0.00 0.000500  1639M0 -5000.0  5000.0 -3258.08 0.117000    0.000    0.000    0.000  515.53 2.80 234
Element:    1023  0.200    2.5    0.00 0.000500  1655M0 -5000.0  5000.0 -3250.54 0.117000    0.000    0.000    0.000  518.02 2.81 235
##														      	       
## G 224 - 255  Section OP											      	       
##														      	       
Element:    1024  0.200    2.5    0.00 0.000500  1656M0 -5000.0  5000.0 -3259.25 0.117000    0.000    0.000    0.000  520.55 2.75 236
Element:    1025  0.200    2.5    0.00 0.000500  1672M0 -5000.0  5000.0 -3256.51 0.117000    0.000    0.000    0.000  523.01 2.69 237
Element:    1026  0.200    2.5    0.00 0.000500  1657M0 -5000.0  5000.0 -3262.75 0.117000    0.000    0.000    0.000  525.50 2.70 238
Element:    1027  0.200    2.5    0.00 0.000500  1673M0 -5000.0  5000.0 -3269.77 0.117000    0.000    0.000    0.000  528.00 2.72 239
Element:    1028  0.200    2.5    0.00 0.000500  1658M0 -5000.0  5000.0 -3274.38 0.117000    0.000    0.000    0.000  530.50 2.73 240
Element:    1029  0.200    2.5    0.00 0.000500  1674M0 -5000.0  5000.0 -3266.48 0.117000    0.000    0.000    0.000  533.00 2.74 241
Element:    1030  0.200    2.5    0.00 0.000500  1659M0 -5000.0  5000.0 -3262.56 0.117000    0.000    0.000    0.000  535.50 2.76 242
Element:    1031  0.200    2.5    0.00 0.000500  1675M0 -5000.0  5000.0 -3269.38 0.117000    0.000    0.000    0.000  538.00 2.77 243
Element:    1032  0.200    2.5    0.00 0.000500  1660M0 -5000.0  5000.0 -3272.22 0.117000    0.000    0.000    0.000  540.50 2.79 244
Element:    1033  0.200    2.5    0.00 0.000500  1676M0 -5000.0  5000.0 -3275.65 0.117000    0.000    0.000    0.000  543.00 2.80 245
Element:    1034  0.200    2.5    0.00 0.000500  1661M0 -5000.0  5000.0 -3250.06 0.117000    0.000    0.000    0.000  545.50 2.81 246
Element:    1035  0.200    2.5    0.00 0.000500  1677M0 -5000.0  5000.0 -3270.62 0.117000    0.000    0.000    0.000  548.01 2.83 247
Element:    1036  0.200    2.5    0.00 0.000500  1662M0 -5000.0  5000.0 -3261.55 0.117000    0.000    0.000    0.000  550.55 2.77 248
Element:    1037  0.200    2.5    0.00 0.000500  1678M0 -5000.0  5000.0 -3265.46 0.117000    0.000    0.000    0.000  553.02 2.72 249
Element:    1038  0.200    2.5    0.00 0.000500  1663M0 -5000.0  5000.0 -3252.39 0.117000    0.000    0.000    0.000  555.52 2.73 250
Element:    1039  0.200    2.5    0.00 0.000500  1679M0 -5000.0  5000.0 -3267.77 0.117000    0.000    0.000    0.000  558.03 2.75 251
Element:    1040  0.200    2.5    0.00 0.000500  1664M0 -5000.0  5000.0 -3265.54 0.117000    0.000    0.000    0.000  560.54 2.76 252
Element:    1041  0.200    2.5    0.00 0.000500  1680M0 -5000.0  5000.0 -3257.80 0.117000    0.000    0.000    0.000  563.05 2.77 253
Element:    1042  0.200    2.5    0.00 0.000500  1665M0 -5000.0  5000.0 -3251.77 0.117000    0.000    0.000    0.000  565.56 2.78 254
Element:    1043  0.200    2.5    0.00 0.000500  1681M0 -5000.0  5000.0 -3253.23 0.117000    0.000    0.000    0.000  568.07 2.80 255
Element:    1044  0.200    2.5    0.00 0.000500  1666M0 -5000.0  5000.0 -3265.30 0.117000    0.000    0.000    0.000  570.58 2.81 256
Element:    1045  0.200    2.5    0.00 0.000500  1682M0 -5000.0  5000.0 -3250.97 0.117000    0.000    0.000    0.000  573.09 2.82 257
Element:    1046  0.200    2.5    0.00 0.000500  1667M0 -5000.0  5000.0 -3251.68 0.117000    0.000    0.000    0.000  575.64 2.84 258
Element:    1047  0.200    2.5    0.00 0.000500  1683M0 -5000.0  5000.0 -3250.92 0.117000    0.000    0.000    0.000  578.18 2.85 259
Element:    1048  0.200    2.5    0.00 0.000500  1668M0 -5000.0  5000.0 -3262.35 0.117000    0.000    0.000    0.000  580.75 2.79 260
Element:    1049  0.200    2.5    0.00 0.000500  1684M0 -5000.0  5000.0 -3256.37 0.117000    0.000    0.000    0.000  583.26 2.74 261
Element:    1050  0.200    2.5    0.00 0.000500  1669M0 -5000.0  5000.0 -3267.90 0.117000    0.000    0.000    0.000  585.80 2.75 262
Element:    1051  0.200    2.5    0.00 0.000500  1685M0 -5000.0  5000.0 -3251.01 0.117000    0.000    0.000    0.000  588.34 2.76 263
Element:    1052  0.200    2.5    0.00 0.000500  1670M0 -5000.0  5000.0 -3255.66 0.117000    0.000    0.000    0.000  590.88 2.78 264
Element:    1053  0.200    2.5    0.00 0.000500  1686M0 -5000.0  5000.0 -3254.83 0.117000    0.000    0.000    0.000  593.42 2.79 265
Element:    1054  0.200    2.5    0.00 0.000500  1671M0 -5000.0  5000.0 -3249.30 0.117000    0.000    0.000    0.000  595.96 2.80 266
Element:    1055  0.200    2.5    0.00 0.000500  1687M0 -5000.0  5000.0 -3238.40 0.117000    0.000    0.000    0.000  598.51 2.81 267
##														      	       
## G 256 - 287  Section QR											      	       
##														      	       
Element:    1056  0.200    2.5    0.00 0.000500  1688M0 -5000.0  5000.0 -3239.58 0.117000    0.000    0.000    0.000  601.05 2.83 268
Element:    1057  0.200    2.5    0.00 0.000500  1704M0 -5000.0  5000.0 -3245.64 0.117000    0.000    0.000    0.000  603.59 2.84 269
Element:    1058  0.200    2.5    0.00 0.000500  1689M0 -5000.0  5000.0 -3244.19 0.117000    0.000    0.000    0.000  606.13 2.85 270
Element:    1059  0.200    2.5    0.00 0.000500  1705M0 -5000.0  5000.0 -3245.73 0.117000    0.000    0.000    0.000  608.67 2.87 271
Element:    1060  0.200    2.5    0.00 0.000500  1690M0 -5000.0  5000.0 -3246.41 0.117000    0.000    0.000    0.000  611.25 2.81 272
Element:    1061  0.200    2.5    0.00 0.000500  1706M0 -5000.0  5000.0 -3247.92 0.117000    0.000    0.000    0.000  613.76 2.75 273
Element:    1062  0.200    2.5    0.00 0.000500  1691M0 -5000.0  5000.0 -3242.19 0.117000    0.000    0.000    0.000  616.30 2.76 274
Element:    1063  0.200    2.5    0.00 0.000500  1707M0 -5000.0  5000.0 -3242.75 0.117000    0.000    0.000    0.000  618.84 2.77 275
Element:    1064  0.200    2.5    0.00 0.000500  1692M0 -5000.0  5000.0 -3246.60 0.117000    0.000    0.000    0.000  621.38 2.78 276
Element:    1065  0.200    2.5    0.00 0.000500  1708M0 -5000.0  5000.0 -3252.03 0.117000    0.000    0.000    0.000  623.92 2.80 277
Element:    1066  0.200    2.5    0.00 0.000500  1693M0 -5000.0  5000.0 -3248.33 0.117000    0.000    0.000    0.000  626.46 2.81 278
Element:    1067  0.200    2.5    0.00 0.000500  1709M0 -5000.0  5000.0 -3245.28 0.117000    0.000    0.000    0.000  629.00 2.82 279
Element:    1068  0.200    2.5    0.00 0.000500  1694M0 -5000.0  5000.0 -3240.60 0.117000    0.000    0.000    0.000  631.54 2.83 280
Element:    1069  0.200    2.5    0.00 0.000500  1710M0 -5000.0  5000.0 -3253.37 0.117000    0.000    0.000    0.000  634.09 2.85 281
Element:    1070  0.200    2.5    0.00 0.000500  1695M0 -5000.0  5000.0 -3251.51 0.117000    0.000    0.000    0.000  636.62 2.86 282
Element:    1071  0.200    2.5    0.00 0.000500  1711M0 -5000.0  5000.0 -3254.01 0.117000    0.000    0.000    0.000  639.16 2.87 283
Element:    1072  0.200    2.5    0.00 0.000500  1696M0 -5000.0  5000.0 -3253.82 0.117000    0.000    0.000    0.000  641.73 2.82 284
Element:    1073  0.200    2.5    0.00 0.000500  1712M0 -5000.0  5000.0 -3241.73 0.117000    0.000    0.000    0.000  644.24 2.77 285
Element:    1074  0.200    2.5    0.00 0.000500  1697M0 -5000.0  5000.0 -3236.00 0.117000    0.000    0.000    0.000  646.78 2.78 286
Element:    1075  0.200    2.5    0.00 0.000500  1713M0 -5000.0  5000.0 -3234.37 0.117000    0.000    0.000    0.000  649.25 2.79 287
Element:    1076  0.200    2.5    0.00 0.000500  1698M0 -5000.0  5000.0 -3248.01 0.117000    0.000    0.000    0.000  651.73 2.81 288
Element:    1077  0.200    2.5    0.00 0.000500  1714M0 -5000.0  5000.0 -3247.00 0.117000    0.000    0.000    0.000  654.20 2.82 289
Element:    1078  0.200    2.5    0.00 0.000500  1699M0 -5000.0  5000.0 -3242.93 0.117000    0.000    0.000    0.000  656.67 2.83 290
Element:    1079  0.200    2.5    0.00 0.000500  1715M0 -5000.0  5000.0 -3240.51 0.117000    0.000    0.000    0.000  659.15 2.84 291
Element:    1080  0.200    2.5    0.00 0.000500  1700M0 -5000.0  5000.0 -3244.91 0.117000    0.000    0.000    0.000  661.62 2.85 292
Element:    1081  0.200    2.5    0.00 0.000500  1716M0 -5000.0  5000.0 -3238.22 0.117000    0.000    0.000    0.000  664.09 2.87 293
Element:    1082  0.200    2.5    0.00 0.000500  1701M0 -5000.0  5000.0 -3231.90 0.117000    0.000    0.000    0.000  666.56 2.88 294
Element:    1083  0.200    2.5    0.00 0.000500  1717M0 -5000.0  5000.0 -3227.45 0.117000    0.000    0.000    0.000  669.03 2.89 295
Element:    1084  0.200    2.5    0.00 0.000500  1702M0 -5000.0  5000.0 -3231.36 0.117000    0.000    0.000    0.000  671.53 2.83 296
Element:    1085  0.200    2.5    0.00 0.000500  1718M0 -5000.0  5000.0 -3224.87 0.117000    0.000    0.000    0.000  673.96 2.76 297
Element:    1086  0.200    2.5    0.00 0.000500  1703M0 -5000.0  5000.0 -3230.89 0.117000    0.000    0.000    0.000  676.43 2.77 298
Element:    1087  0.200    2.5    0.00 0.000500  1719M0 -5000.0  5000.0 -3216.31 0.117000    0.000    0.000    0.000  678.90 2.79 299
##														      	       
## G 288 - 319  Section ST											      	       
##														      	       
Element:    1088  0.200    2.5    0.00 0.000500  1720M0 -5000.0  5000.0 -3228.09 0.117000    0.000    0.000    0.000  681.36 2.80 300
Element:    1089  0.200    2.5    0.00 0.000500  1736M0 -5000.0  5000.0 -3238.85 0.117000    0.000    0.000    0.000  683.83 2.81 301
Element:    1090  0.200    2.5    0.00 0.000500  1721M0 -5000.0  5000.0 -3240.06 0.117000    0.000    0.000    0.000  686.29 2.82 302
Element:    1091  0.200    2.5    0.00 0.000500  1737M0 -5000.0  5000.0 -3234.98 0.117000    0.000    0.000    0.000  688.75 2.83 303
Element:    1092  0.200    2.5    0.00 0.000500  1722M0 -5000.0  5000.0 -3237.86 0.117000    0.000    0.000    0.000  691.22 2.84 304
Element:    1093  0.200    2.5    0.00 0.000500  1738M0 -5000.0  5000.0 -3247.57 0.117000    0.000    0.000    0.000  693.68 2.85 305
Element:    1094  0.200    2.5    0.00 0.000500  1723M0 -5000.0  5000.0 -3249.69 0.117000    0.000    0.000    0.000  696.14 2.87 306
Element:    1095  0.200    2.5    0.00 0.000500  1739M0 -5000.0  5000.0 -3251.08 0.117000    0.000    0.000    0.000  698.60 2.88 307
Element:    1096  0.200    2.5    0.00 0.000500  1724M0 -5000.0  5000.0 -3234.53 0.117000    0.000    0.000    0.000  701.09 2.82 308
Element:    1097  0.200    2.5    0.00 0.000500  1740M0 -5000.0  5000.0 -3235.08 0.117000    0.000    0.000    0.000  703.51 2.77 309
Element:    1098  0.200    2.5    0.00 0.000500  1725M0 -5000.0  5000.0 -3235.75 0.117000    0.000    0.000    0.000  705.97 2.78 310
Element:    1099  0.200    2.5    0.00 0.000500  1741M0 -5000.0  5000.0 -3244.05 0.117000    0.000    0.000    0.000  708.42 2.79 311
Element:    1100  0.200    2.5    0.00 0.000500  1726M0 -5000.0  5000.0 -3238.56 0.117000    0.000    0.000    0.000  710.87 2.80 312
Element:    1101  0.200    2.5    0.00 0.000500  1742M0 -5000.0  5000.0 -3243.56 0.117000    0.000    0.000    0.000  713.33 2.81 313
Element:    1102  0.200    2.5    0.00 0.000500  1727M0 -5000.0  5000.0 -3233.60 0.117000    0.000    0.000    0.000  715.78 2.82 314
Element:    1103  0.200    2.5    0.00 0.000500  1743M0 -5000.0  5000.0 -3236.45 0.117000    0.000    0.000    0.000  718.23 2.83 315
Element:    1104  0.200    2.5    0.00 0.000500  1728M0 -5000.0  5000.0 -3233.36 0.117000    0.000    0.000    0.000  720.68 2.84 316
Element:    1105  0.200    2.5    0.00 0.000500  1744M0 -5000.0  5000.0 -3233.84 0.117000    0.000    0.000    0.000  723.12 2.86 317
Element:    1106  0.200    2.5    0.00 0.000500  1729M0 -5000.0  5000.0 -3240.45 0.117000    0.000    0.000    0.000  725.57 2.87 318
Element:    1107  0.200    2.5    0.00 0.000500  1745M0 -5000.0  5000.0 -3232.57 0.117000    0.000    0.000    0.000  728.01 2.88 319
Element:    1108  0.200    2.5    0.00 0.000500  1730M0 -5000.0  5000.0 -3247.48 0.117000    0.000    0.000    0.000  730.49 2.82 320
Element:    1109  0.200    2.5    0.00 0.000500  1746M0 -5000.0  5000.0 -3238.53 0.117000    0.000    0.000    0.000  732.90 2.77 321
Element:    1110  0.200    2.5    0.00 0.000500  1731M0 -5000.0  5000.0 -3243.05 0.117000    0.000    0.000    0.000  735.34 2.78 322
Element:    1111  0.200    2.5    0.00 0.000500  1747M0 -5000.0  5000.0 -3239.70 0.117000    0.000    0.000    0.000  737.78 2.79 323
Element:    1112  0.200    2.5    0.00 0.000500  1732M0 -5000.0  5000.0 -3243.39 0.117000    0.000    0.000    0.000  740.22 2.80 324
Element:    1113  0.200    2.5    0.00 0.000500  1748M0 -5000.0  5000.0 -3236.06 0.117000    0.000    0.000    0.000  742.66 2.81 325
Element:    1114  0.200    2.5    0.00 0.000500  1733M0 -5000.0  5000.0 -3238.46 0.117000    0.000    0.000    0.000  745.09 2.82 326
Element:    1115  0.200    2.5    0.00 0.000500  1749M0 -5000.0  5000.0 -3235.83 0.117000    0.000    0.000    0.000  747.53 2.83 327
Element:    1116  0.200    2.5    0.00 0.000500  1734M0 -5000.0  5000.0 -3231.81 0.117000    0.000    0.000    0.000  749.96 2.84 328
Element:    1117  0.200    2.5    0.00 0.000500  1750M0 -5000.0  5000.0 -3231.35 0.117000    0.000    0.000    0.000  752.39 2.85 329
Element:    1118  0.200    2.5    0.00 0.000500  1735M0 -5000.0  5000.0 -3234.62 0.117000    0.000    0.000    0.000  754.82 2.86 330
Element:    1119  0.200    2.5    0.00 0.000500  1751M0 -5000.0  5000.0 -3227.86 0.117000    0.000    0.000    0.000  757.25 2.87 331
##														      	       
## G 320 - 351  Section UV											      	       
##														      	       
Element:    1120  0.200    2.5    0.00 0.000500  1752M0 -5000.0  5000.0 -3236.29 0.117000    0.000    0.000    0.000  759.67 2.88 332
Element:    1121  0.200    2.5    0.00 0.000500  1768M0 -5000.0  5000.0 -3244.80 0.117000    0.000    0.000    0.000  762.13 2.82 333
Element:    1122  0.200    2.5    0.00 0.000500  1753M0 -5000.0  5000.0 -3239.04 0.117000    0.000    0.000    0.000  764.52 2.77 334
Element:    1123  0.200    2.5    0.00 0.000500  1769M0 -5000.0  5000.0 -3233.10 0.117000    0.000    0.000    0.000  766.94 2.78 335
Element:    1124  0.200    2.5    0.00 0.000500  1754M0 -5000.0  5000.0 -3239.55 0.117000    0.000    0.000    0.000  769.37 2.79 336
Element:    1125  0.200    2.5    0.00 0.000500  1770M0 -5000.0  5000.0 -3239.31 0.117000    0.000    0.000    0.000  771.78 2.80 337
Element:    1126  0.200    2.5    0.00 0.000500  1755M0 -5000.0  5000.0 -3241.38 0.117000    0.000    0.000    0.000  774.20 2.81 338
Element:    1127  0.200    2.5    0.00 0.000500  1771M0 -5000.0  5000.0 -3237.19 0.117000    0.000    0.000    0.000  776.62 2.82 339
Element:    1128  0.200    2.5    0.00 0.000500  1756M0 -5000.0  5000.0 -3239.71 0.117000    0.000    0.000    0.000  779.03 2.83 340
Element:    1129  0.200    2.5    0.00 0.000500  1772M0 -5000.0  5000.0 -3243.64 0.117000    0.000    0.000    0.000  781.44 2.84 341
Element:    1130  0.200    2.5    0.00 0.000500  1757M0 -5000.0  5000.0 -3229.77 0.117000    0.000    0.000    0.000  783.85 2.85 342
Element:    1131  0.200    2.5    0.00 0.000500  1773M0 -5000.0  5000.0 -3234.31 0.117000    0.000    0.000    0.000  786.26 2.86 343
Element:    1132  0.200    2.5    0.00 0.000500  1758M0 -5000.0  5000.0 -3229.83 0.117000    0.000    0.000    0.000  788.67 2.87 344
Element:    1133  0.200    2.5    0.00 0.000500  1774M0 -5000.0  5000.0 -3239.62 0.117000    0.000    0.000    0.000  791.07 2.88 345
Element:    1134  0.200    2.5    0.00 0.000500  1759M0 -5000.0  5000.0 -3228.18 0.117000    0.000    0.000    0.000  793.51 2.82 346
Element:    1135  0.200    2.5    0.00 0.000500  1775M0 -5000.0  5000.0 -3240.42 0.117000    0.000    0.000    0.000  795.88 2.76 347
Element:    1136  0.200    2.5    0.00 0.000500  1760M0 -5000.0  5000.0 -3232.53 0.117000    0.000    0.000    0.000  798.28 2.77 348
Element:    1137  0.200    2.5    0.00 0.000500  1776M0 -5000.0  5000.0 -3231.31 0.117000    0.000    0.000    0.000  800.68 2.78 349
Element:    1138  0.200    2.5    0.00 0.000500  1761M0 -5000.0  5000.0 -3239.02 0.117000    0.000    0.000    0.000  803.07 2.79 350
Element:    1139  0.200    2.5    0.00 0.000500  1777M0 -5000.0  5000.0 -3221.55 0.117000    0.000    0.000    0.000  805.47 2.80 351
Element:    1140  0.200    2.5    0.00 0.000500  1762M0 -5000.0  5000.0 -3239.56 0.117000    0.000    0.000    0.000  807.86 2.81 352
Element:    1141  0.200    2.5    0.00 0.000500  1778M0 -5000.0  5000.0 -3236.08 0.117000    0.000    0.000    0.000  810.25 2.81 353
Element:    1142  0.200    2.5    0.00 0.000500  1763M0 -5000.0  5000.0 -3237.05 0.117000    0.000    0.000    0.000  812.64 2.82 354
Element:    1143  0.200    2.5    0.00 0.000500  1779M0 -5000.0  5000.0 -3242.84 0.117000    0.000    0.000    0.000  815.03 2.83 355
Element:    1144  0.200    2.5    0.00 0.000500  1764M0 -5000.0  5000.0 -3242.65 0.117000    0.000    0.000    0.000  817.41 2.84 356
Element:    1145  0.200    2.5    0.00 0.000500  1780M0 -5000.0  5000.0 -3226.98 0.117000    0.000    0.000    0.000  819.79 2.85 357
Element:    1146  0.200    2.5    0.00 0.000500  1765M0 -5000.0  5000.0 -3232.14 0.117000    0.000    0.000    0.000  822.17 2.86 358
Element:    1147  0.200    2.5    0.00 0.000500  1781M0 -5000.0  5000.0 -3226.32 0.117000    0.000    0.000    0.000  824.59 2.80 359
Element:    1148  0.200    2.5    0.00 0.000500  1766M0 -5000.0  5000.0 -3223.19 0.117000    0.000    0.000    0.000  826.93 2.74 360
Element:    1149  0.200    2.5    0.00 0.000500  1782M0 -5000.0  5000.0 -3219.54 0.117000    0.000    0.000    0.000  829.31 2.75 361
Element:    1150  0.200    2.5    0.00 0.000500  1767M0 -5000.0  5000.0 -3216.21 0.117000    0.000    0.000    0.000  831.68 2.76 362
Element:    1151  0.200    2.5    0.00 0.000500  1783M0 -5000.0  5000.0 -3219.22 0.117000    0.000    0.000    0.000  834.05 2.77 363
Initialise: 
Display: 1D Nhits       32 0 32
Display: 1D NhitsPrompt 32 0 32
Display: 1D NhitsRand   32 0 32
Display: 1D Hits        352 0 352
Display: 1D HitsPrompt  352 0 352
Display: 1D HitsRand    352 0 352
#Display: 1D EnergyOR    200 0 2.5
Display: 1D TimeOR     1000 -1000.0 1000.0
#Display: 1D Energy 100 0 2.5   0 352
#Display: 1D Time  1000 -1000.0 1000.0   0 352
#Display: 1D Eelect   352 v2u_plot/v2u_450_plot.ehist
Display: 1D ScalerCurr 352 0 352
Display: 1D ScalerAcc  352 0 352
Display: 1D Doubles  	352 0 352
Display: 1D NDoubles  	32 0 32
#Display: 2D EnergyOR 100 0 2.5 -1 Hits 352 0 352 -1
#Display: 2D EnergyOR 100 0 2.5 -1 Doubles 352 0 352 -1
Display: 2D TimeOR   200 -1000.0 1000.0 -1 Hits 352 0 352 -1
Display: 2D TimeOR   200 -1000.0 1000.0 -1 Doubles 352 0 352 -1
