## Detector setup file for Ladder
########################################################################
##
##	#FP	Energy	Time	Pos
Size: 	352 	0 	1 	1
#
Multi-hit: 8
#
##	Scalers	Calib	Overlap	Micro	#trig	Toff	Tres
Misc:	1	1	1	0	0	0	0.0
##
Window: -10. 10. -50. -30. 
##
## G 0 - 31  Section AB
##
Element:     816  0.200    2.5    0.00 0.000500  1438M0 -5000.0  5000.0 -3190.75 0.117000    0.000    0.000    0.000   58.495 1.085 2876
Element:     800  0.200    2.5    0.00 0.000500  1432M0 -5000.0  5000.0 -3189.24 0.117000    0.000    0.000    0.000   59.586 1.130 2864
Element:     817  0.200    2.5    0.00 0.000500  1454M0 -5000.0  5000.0 -3181.32 0.117000    0.000    0.000    0.000   60.723 1.176 2877
Element:     801  0.200    2.5    0.00 0.000500  1448M0 -5000.0  5000.0 -3290.20 0.117000    0.000    0.000    0.000   61.905 1.222 2865
Element:     818  0.200    2.5    0.00 0.000500  1439M0 -5000.0  5000.0 -3192.99 0.117000    0.000    0.000    0.000   63.133 1.269 2878
Element:     802  0.200    2.5    0.00 0.000500  1433M0 -5000.0  5000.0 -3291.38 0.117000    0.000    0.000    0.000   64.408 1.318 2866
Element:     819  0.200    2.5    0.00 0.000500  1455M0 -5000.0  5000.0 -3171.47 0.117000    0.000    0.000    0.000   65.734 1.369 2879
Element:     803  0.200    2.5    0.00 0.000500  1449M0 -5000.0  5000.0 -3199.76 0.117000    0.000    0.000    0.000   67.109 1.418 2867
Element:     820  0.200    2.5    0.00 0.000500  1440M0 -5000.0  5000.0 -3285.69 0.117000    0.000    0.000    0.000   68.532 1.467 2880
Element:     804  0.200    2.5    0.00 0.000500  1434M0 -5000.0  5000.0 -3289.21 0.117000    0.000    0.000    0.000   70.002 1.514 2868
Element:     821  0.200    2.5    0.00 0.000500  1456M0 -5000.0  5000.0 -3285.68 0.117000    0.000    0.000    0.000   71.517 1.559 2881
Element:     805  0.200    2.5    0.00 0.000500  1450M0 -5000.0  5000.0 -3299.13 0.117000    0.000    0.000    0.000   73.076 1.600 2869
Element:     822  0.200    2.5    0.00 0.000500  1441M0 -5000.0  5000.0 -3292.00 0.117000    0.000    0.000    0.000   74.675 1.640 2882
Element:     806  0.200    2.5    0.00 0.000500  1435M0 -5000.0  5000.0 -3289.18 0.117000    0.000    0.000    0.000   76.311 1.677 2870
Element:     823  0.200    2.5    0.00 0.000500  1457M0 -5000.0  5000.0 -3283.56 0.117000    0.000    0.000    0.000   77.981 1.710 2883
Element:     807  0.200    2.5    0.00 0.000500  1451M0 -5000.0  5000.0 -3294.32 0.117000    0.000    0.000    0.000   79.681 1.739 2871
Element:     824  0.200    2.5    0.00 0.000500  1442M0 -5000.0  5000.0 -3194.53 0.117000    0.000    0.000    0.000   81.408 1.764 2884
Element:     808  0.200    2.5    0.00 0.000500  1436M0 -5000.0  5000.0 -3299.20 0.117000    0.000    0.000    0.000   83.156 1.783 2872
Element:     825  0.200    2.5    0.00 0.000500  1458M0 -5000.0  5000.0 -3293.28 0.117000    0.000    0.000    0.000   84.921 1.797 2885
Element:     809  0.200    2.5    0.00 0.000500  1452M0 -5000.0  5000.0 -3293.81 0.117000    0.000    0.000    0.000   86.694 1.805 2873
Element:     826  0.200    2.5    0.00 0.000500  1443M0 -5000.0  5000.0 -3291.10 0.117000    0.000    0.000    0.000   88.476 1.807 2886
Element:     810  0.200    2.5    0.00 0.000500  1437M0 -5000.0  5000.0 -3302.34 0.117000    0.000    0.000    0.000   90.256 1.802 2874
Element:     827  0.200    2.5    0.00 0.000500  1459M0 -5000.0  5000.0 -3297.04 0.117000    0.000    0.000    0.000   92.031 1.791 2887
Element:     811  0.200    2.5    0.00 0.000500  1453M0 -5000.0  5000.0 -3291.92 0.117000    0.000    0.000    0.000   93.791 1.776 2875
Element:     828  0.200    2.5    0.00 0.000500  1444M0 -5000.0  5000.0 -3292.78 0.117000    0.000    0.000    0.000   95.534 1.755 2888
Element:     829  0.200    2.5    0.00 0.000500  1460M0 -5000.0  5000.0 -3283.03 0.117000    0.000    0.000    0.000   97.255 1.731 2889
Element:     830  0.200    2.5    0.00 0.000500  1445M0 -5000.0  5000.0 -3284.79 0.117000    0.000    0.000    0.000   98.950 1.702 2890
Element:     831  0.200    2.5    0.00 0.000500  1461M0 -5000.0  5000.0 -3286.61 0.117000    0.000    0.000    0.000  100.616 1.675 2891
Element:     812  0.200    2.5    0.00 0.000500  1446M0 -5000.0  5000.0 -3284.55 0.117000    0.000    0.000    0.000  102.253 1.646 2892
Element:     813  0.200    2.5    0.00 0.000500  1462M0 -5000.0  5000.0 -3282.49 0.117000    0.000    0.000    0.000  103.860 1.618 2893
Element:     814  0.200    2.5    0.00 0.000500  1447M0 -5000.0  5000.0 -3174.50 0.117000    0.000    0.000    0.000  105.442 1.594 2894
Element:     815  0.200    2.5    0.00 0.000500  1463M0 -5000.0  5000.0 -3283.18 0.117000    0.000    0.000    0.000  107.001 1.572 2895
##														      
## G 32 - 63  Section CD											      
##														      
Element:     832  0.200    2.5    0.00 0.000500  1464M0 -5000.0  5000.0 -3294.88 0.117000    0.000    0.000    0.000  108.529 1.577 2064
Element:     833  0.200    2.5    0.00 0.000500  1480M0 -5000.0  5000.0 -3297.35 0.117000    0.000    0.000    0.000  110.062 1.605 2065
Element:     834  0.200    2.5    0.00 0.000500  1465M0 -5000.0  5000.0 -3291.71 0.117000    0.000    0.000    0.000  111.588 1.627 2066
Element:     835  0.200    2.5    0.00 0.000500  1481M0 -5000.0  5000.0 -3293.39 0.117000    0.000    0.000    0.000  113.119 1.640 2067
Element:     836  0.200    2.5    0.00 0.000500  1466M0 -5000.0  5000.0 -3293.61 0.117000    0.000    0.000    0.000  114.659 1.646 2068
Element:     837  0.200    2.5    0.00 0.000500  1482M0 -5000.0  5000.0 -3296.98 0.117000    0.000    0.000    0.000  116.212 1.657 2069
Element:     838  0.200    2.5    0.00 0.000500  1467M0 -5000.0  5000.0 -3291.22 0.117000    0.000    0.000    0.000  117.793 1.630 2070
Element:     839  0.200    2.5    0.00 0.000500  1483M0 -5000.0  5000.0 -3292.14 0.117000    0.000    0.000    0.000  119.339 1.603 2071
Element:     840  0.200    2.5    0.00 0.000500  1468M0 -5000.0  5000.0 -3292.94 0.117000    0.000    0.000    0.000  120.910 1.617 2072
Element:     841  0.200    2.5    0.00 0.000500  1484M0 -5000.0  5000.0 -3292.00 0.117000    0.000    0.000    0.000  122.488 1.634 2073
Element:     842  0.200    2.5    0.00 0.000500  1469M0 -5000.0  5000.0 -3286.52 0.117000    0.000    0.000    0.000  124.072 1.649 2074
Element:     843  0.200    2.5    0.00 0.000500  1485M0 -5000.0  5000.0 -3291.10 0.117000    0.000    0.000    0.000  125.662 1.665 2075
Element:     844  0.200    2.5    0.00 0.000500  1470M0 -5000.0  5000.0 -3284.70 0.117000    0.000    0.000    0.000  127.258 1.680 2076
Element:     845  0.200    2.5    0.00 0.000500  1486M0 -5000.0  5000.0 -3293.71 0.117000    0.000    0.000    0.000  128.860 1.697 2077
Element:     846  0.200    2.5    0.00 0.000500  1471M0 -5000.0  5000.0 -3283.35 0.117000    0.000    0.000    0.000  130.469 1.712 2078
Element:     847  0.200    2.5    0.00 0.000500  1487M0 -5000.0  5000.0 -3289.13 0.117000    0.000    0.000    0.000  132.082 1.727 2079
Element:     848  0.200    2.5    0.00 0.000500  1472M0 -5000.0  5000.0 -3287.96 0.117000    0.000    0.000    0.000  133.723 1.700 2080
Element:     849  0.200    2.5    0.00 0.000500  1488M0 -5000.0  5000.0 -3285.47 0.117000    0.000    0.000    0.000  135.329 1.674 2081
Element:     850  0.200    2.5    0.00 0.000500  1473M0 -5000.0  5000.0 -3299.05 0.117000    0.000    0.000    0.000  136.962 1.689 2082
Element:     851  0.200    2.5    0.00 0.000500  1489M0 -5000.0  5000.0 -3281.39 0.117000    0.000    0.000    0.000  138.601 1.704 2083
Element:     852  0.200    2.5    0.00 0.000500  1474M0 -5000.0  5000.0 -3302.55 0.117000    0.000    0.000    0.000  140.246 1.720 2084
Element:     853  0.200    2.5    0.00 0.000500  1490M0 -5000.0  5000.0 -3288.54 0.117000    0.000    0.000    0.000  141.898 1.735 2085
Element:     854  0.200    2.5    0.00 0.000500  1475M0 -5000.0  5000.0 -3296.87 0.117000    0.000    0.000    0.000  143.556 1.750 2086
Element:     855  0.200    2.5    0.00 0.000500  1491M0 -5000.0  5000.0 -3287.77 0.117000    0.000    0.000    0.000  145.220 1.766 2087
Element:     856  0.200    2.5    0.00 0.000500  1476M0 -5000.0  5000.0 -3292.99 0.117000    0.000    0.000    0.000  146.909 1.747 2088
Element:     857  0.200    2.5    0.00 0.000500  1492M0 -5000.0  5000.0 -3287.85 0.117000    0.000    0.000    0.000  148.568 1.725 2089
Element:     858  0.200    2.5    0.00 0.000500  1477M0 -5000.0  5000.0 -3285.51 0.117000    0.000    0.000    0.000  150.252 1.741 2090
Element:     859  0.200    2.5    0.00 0.000500  1493M0 -5000.0  5000.0 -3280.86 0.117000    0.000    0.000    0.000  151.942 1.756 2091
Element:     860  0.200    2.5    0.00 0.000500  1478M0 -5000.0  5000.0 -3277.78 0.117000    0.000    0.000    0.000  153.639 1.772 2092
Element:     861  0.200    2.5    0.00 0.000500  1494M0 -5000.0  5000.0 -3282.13 0.117000    0.000    0.000    0.000  155.341 1.787 2093
Element:     862  0.200    2.5    0.00 0.000500  1479M0 -5000.0  5000.0 -3286.85 0.117000    0.000    0.000    0.000  157.052 1.804 2094
Element:     863  0.200    2.5    0.00 0.000500  1495M0 -5000.0  5000.0 -3277.81 0.117000    0.000    0.000    0.000  158.768 1.820 2095
##														      
## G 64 - 95  Section EF											      
##														      
Element:     864  0.200    2.5    0.00 0.000500  1496M0 -5000.0  5000.0 -3284.48 0.117000    0.000    0.000    0.000  160.491 1.836 2576
Element:     865  0.200    2.5    0.00 0.000500  1512M0 -5000.0  5000.0 -3290.23 0.117000    0.000    0.000    0.000  162.219 1.852 2577
Element:     866  0.200    2.5    0.00 0.000500  1497M0 -5000.0  5000.0 -3298.51 0.117000    0.000    0.000    0.000  163.955 1.867 2578
Element:     867  0.200    2.5    0.00 0.000500  1513M0 -5000.0  5000.0 -3294.41 0.117000    0.000    0.000    0.000  165.719 1.839 2579
Element:     868  0.200    2.5    0.00 0.000500  1498M0 -5000.0  5000.0 -3292.23 0.117000    0.000    0.000    0.000  167.445 1.809 2580
Element:     869  0.200    2.5    0.00 0.000500  1514M0 -5000.0  5000.0 -3295.86 0.117000    0.000    0.000    0.000  169.199 1.825 2581
Element:     870  0.200    2.5    0.00 0.000500  1499M0 -5000.0  5000.0 -3287.36 0.117000    0.000    0.000    0.000  170.961 1.840 2582
Element:     871  0.200    2.5    0.00 0.000500  1515M0 -5000.0  5000.0 -3285.71 0.117000    0.000    0.000    0.000  172.729 1.856 2583
Element:     872  0.200    2.5    0.00 0.000500  1500M0 -5000.0  5000.0 -3292.76 0.117000    0.000    0.000    0.000  174.504 1.872 2584
Element:     873  0.200    2.5    0.00 0.000500  1516M0 -5000.0  5000.0 -3295.73 0.117000    0.000    0.000    0.000  176.284 1.888 2585
Element:     874  0.200    2.5    0.00 0.000500  1501M0 -5000.0  5000.0 -3281.72 0.117000    0.000    0.000    0.000  178.071 1.904 2586
Element:     875  0.200    2.5    0.00 0.000500  1517M0 -5000.0  5000.0 -3297.84 0.117000    0.000    0.000    0.000  179.865 1.920 2587
Element:     876  0.200    2.5    0.00 0.000500  1502M0 -5000.0  5000.0 -3296.00 0.117000    0.000    0.000    0.000  181.685 1.898 2588
Element:     877  0.200    2.5    0.00 0.000500  1518M0 -5000.0  5000.0 -3285.40 0.117000    0.000    0.000    0.000  183.472 1.874 2589
Element:     878  0.200    2.5    0.00 0.000500  1503M0 -5000.0  5000.0 -3277.00 0.117000    0.000    0.000    0.000  185.284 1.890 2590
Element:     879  0.200    2.5    0.00 0.000500  1519M0 -5000.0  5000.0 -3289.83 0.117000    0.000    0.000    0.000  187.104 1.905 2591
Element:     880  0.200    2.5    0.00 0.000500  1504M0 -5000.0  5000.0 -3283.98 0.117000    0.000    0.000    0.000  188.930 1.923 2592
Element:     881  0.200    2.5    0.00 0.000500  1520M0 -5000.0  5000.0 -3287.49 0.117000    0.000    0.000    0.000  190.761 1.937 2593
Element:     882  0.200    2.5    0.00 0.000500  1505M0 -5000.0  5000.0 -3295.94 0.117000    0.000    0.000    0.000  192.600 1.953 2594
Element:     883  0.200    2.5    0.00 0.000500  1521M0 -5000.0  5000.0 -3285.34 0.117000    0.000    0.000    0.000  194.445 1.969 2595
Element:     884  0.200    2.5    0.00 0.000500  1506M0 -5000.0  5000.0 -3299.87 0.117000    0.000    0.000    0.000  196.296 1.987 2596
Element:     885  0.200    2.5    0.00 0.000500  1522M0 -5000.0  5000.0 -3292.48 0.117000    0.000    0.000    0.000  198.173 1.962 2597
Element:     886  0.200    2.5    0.00 0.000500  1507M0 -5000.0  5000.0 -3297.43 0.117000    0.000    0.000    0.000  200.016 1.936 2598
Element:     887  0.200    2.5    0.00 0.000500  1523M0 -5000.0  5000.0 -3297.24 0.117000    0.000    0.000    0.000  201.887 1.953 2599
Element:     888  0.200    2.5    0.00 0.000500  1508M0 -5000.0  5000.0 -3293.80 0.117000    0.000    0.000    0.000  203.763 1.968 2600
Element:     889  0.200    2.5    0.00 0.000500  1524M0 -5000.0  5000.0 -3278.68 0.117000    0.000    0.000    0.000  205.645 1.984 2601
Element:     890  0.200    2.5    0.00 0.000500  1509M0 -5000.0  5000.0 -3285.68 0.117000    0.000    0.000    0.000  207.534 1.999 2602
Element:     891  0.200    2.5    0.00 0.000500  1525M0 -5000.0  5000.0 -3292.13 0.117000    0.000    0.000    0.000  209.429 2.015 2603
Element:     892  0.200    2.5    0.00 0.000500  1510M0 -5000.0  5000.0 -3288.99 0.117000    0.000    0.000    0.000  211.330 2.031 2604
Element:     893  0.200    2.5    0.00 0.000500  1526M0 -5000.0  5000.0 -3289.46 0.117000    0.000    0.000    0.000  213.237 2.048 2605
Element:     894  0.200    2.5    0.00 0.000500  1511M0 -5000.0  5000.0 -3282.81 0.117000    0.000    0.000    0.000  215.168 2.028 2606
Element:     895  0.200    2.5    0.00 0.000500  1527M0 -5000.0  5000.0 -3269.64 0.117000    0.000    0.000    0.000  217.069 2.006 2607
##														      
## G 96 - 127  Section GH											      
##														      
Element:     896  0.200    2.5    0.00 0.000500  1528M0 -5000.0  5000.0 -3155.90 0.117000    0.000    0.000    0.000  218.994 2.022 2288
Element:     897  0.200    2.5    0.00 0.000500  1544M0 -5000.0  5000.0 -3289.33 0.117000    0.000    0.000    0.000  220.925 2.038 2289
Element:     898  0.200    2.5    0.00 0.000500  1529M0 -5000.0  5000.0 -3288.98 0.117000    0.000    0.000    0.000  222.863 2.054 2290
Element:     899  0.200    2.5    0.00 0.000500  1545M0 -5000.0  5000.0 -3281.70 0.117000    0.000    0.000    0.000  224.806 2.069 2291
Element:     900  0.200    2.5    0.00 0.000500  1530M0 -5000.0  5000.0 -3285.14 0.117000    0.000    0.000    0.000  226.755 2.086 2292
Element:     901  0.200    2.5    0.00 0.000500  1546M0 -5000.0  5000.0 -3285.17 0.117000    0.000    0.000    0.000  228.710 2.102 2293
Element:     902  0.200    2.5    0.00 0.000500  1531M0 -5000.0  5000.0 -3282.25 0.117000    0.000    0.000    0.000  230.672 2.118 2294
Element:     903  0.200    2.5    0.00 0.000500  1547M0 -5000.0  5000.0 -3282.11 0.117000    0.000    0.000    0.000  232.661 2.090 2295
Element:     904  0.200    2.5    0.00 0.000500  1532M0 -5000.0  5000.0 -3283.83 0.117000    0.000    0.000    0.000  234.611 2.060 2296
Element:     905  0.200    2.5    0.00 0.000500  1548M0 -5000.0  5000.0 -3285.58 0.117000    0.000    0.000    0.000  236.590 2.076 2297
Element:     906  0.200    2.5    0.00 0.000500  1533M0 -5000.0  5000.0 -3279.30 0.117000    0.000    0.000    0.000  238.574 2.092 2298
Element:     907  0.200    2.5    0.00 0.000500  1549M0 -5000.0  5000.0 -3282.22 0.117000    0.000    0.000    0.000  240.564 2.107 2299
Element:     908  0.200    2.5    0.00 0.000500  1534M0 -5000.0  5000.0 -3276.25 0.117000    0.000    0.000    0.000  242.560 2.123 2300
Element:     909  0.200    2.5    0.00 0.000500  1550M0 -5000.0  5000.0 -3275.50 0.117000    0.000    0.000    0.000  244.562 2.140 2301
Element:     910  0.200    2.5    0.00 0.000500  1535M0 -5000.0  5000.0 -3270.68 0.117000    0.000    0.000    0.000  246.569 2.155 2302
Element:     911  0.200    2.5    0.00 0.000500  1551M0 -5000.0  5000.0 -3279.40 0.117000    0.000    0.000    0.000  248.582 2.171 2303
Element:     912  0.200    2.5    0.00 0.000500  1536M0 -5000.0  5000.0 -3277.80 0.117000    0.000    0.000    0.000  250.601 2.188 2304
Element:     913  0.200    2.5    0.00 0.000500  1552M0 -5000.0  5000.0 -3283.60 0.117000    0.000    0.000    0.000  252.646 2.163 2305
Element:     914  0.200    2.5    0.00 0.000500  1537M0 -5000.0  5000.0 -3291.05 0.117000    0.000    0.000    0.000  254.654 2.138 2306
Element:     915  0.200    2.5    0.00 0.000500  1553M0 -5000.0  5000.0 -3280.11 0.117000    0.000    0.000    0.000  256.689 2.154 2307
Element:     916  0.200    2.5    0.00 0.000500  1538M0 -5000.0  5000.0 -3295.74 0.117000    0.000    0.000    0.000  258.730 2.170 2308
Element:     917  0.200    2.5    0.00 0.000500  1554M0 -5000.0  5000.0 -3282.05 0.117000    0.000    0.000    0.000  260.776 2.185 2309
Element:     918  0.200    2.5    0.00 0.000500  1539M0 -5000.0  5000.0 -3280.26 0.117000    0.000    0.000    0.000  262.828 2.201 2310
Element:     919  0.200    2.5    0.00 0.000500  1555M0 -5000.0  5000.0 -3277.11 0.117000    0.000    0.000    0.000  264.885 2.218 2311
Element:     920  0.200    2.5    0.00 0.000500  1540M0 -5000.0  5000.0 -3280.64 0.117000    0.000    0.000    0.000  266.947 2.234 2312
Element:     921  0.200    2.5    0.00 0.000500  1556M0 -5000.0  5000.0 -3266.17 0.117000    0.000    0.000    0.000  269.014 2.250 2313
Element:     922  0.200    2.5    0.00 0.000500  1541M0 -5000.0  5000.0 -3279.67 0.117000    0.000    0.000    0.000  271.086 2.266 2314
Element:     923  0.200    2.5    0.00 0.000500  1557M0 -5000.0  5000.0 -3270.53 0.117000    0.000    0.000    0.000  273.190 2.232 2315
Element:     924  0.200    2.5    0.00 0.000500  1542M0 -5000.0  5000.0 -3264.93 0.117000    0.000    0.000    0.000  275.248 2.198 2316
Element:     925  0.200    2.5    0.00 0.000500  1558M0 -5000.0  5000.0 -3266.23 0.117000    0.000    0.000    0.000  277.336 2.213 2317
Element:     926  0.200    2.5    0.00 0.000500  1543M0 -5000.0  5000.0 -3270.63 0.117000    0.000    0.000    0.000  279.430 2.229 2318
Element:     927  0.200    2.5    0.00 0.000500  1559M0 -5000.0  5000.0 -3262.37 0.117000    0.000    0.000    0.000  281.528 2.245 2319
##														      
## G 128 - 159  Section IJ											      
##														      
Element:     928  0.200    2.5    0.00 0.000500  1560M0 -5000.0  5000.0 -3258.48 0.117000    0.000    0.000    0.000  283.632 2.261 2000
Element:     929  0.200    2.5    0.00 0.000500  1576M0 -5000.0  5000.0 -3258.15 0.117000    0.000    0.000    0.000  285.740 2.277 2001
Element:     930  0.200    2.5    0.00 0.000500  1561M0 -5000.0  5000.0 -3264.81 0.117000    0.000    0.000    0.000  287.854 2.293 2002
Element:     931  0.200    2.5    0.00 0.000500  1577M0 -5000.0  5000.0 -3271.03 0.117000    0.000    0.000    0.000  289.973 2.309 2003
Element:     932  0.200    2.5    0.00 0.000500  1562M0 -5000.0  5000.0 -3273.05 0.117000    0.000    0.000    0.000  292.096 2.324 2004
Element:     933  0.200    2.5    0.00 0.000500  1578M0 -5000.0  5000.0 -3264.13 0.117000    0.000    0.000    0.000  294.251 2.288 2005
Element:     934  0.200    2.5    0.00 0.000500  1563M0 -5000.0  5000.0 -3270.32 0.117000    0.000    0.000    0.000  296.357 2.251 2006
Element:     935  0.200    2.5    0.00 0.000500  1579M0 -5000.0  5000.0 -3274.08 0.117000    0.000    0.000    0.000  298.495 2.267 2007
Element:     936  0.200    2.5    0.00 0.000500  1564M0 -5000.0  5000.0 -3272.12 0.117000    0.000    0.000    0.000  300.638 2.283 2008
Element:     937  0.200    2.5    0.00 0.000500  1580M0 -5000.0  5000.0 -3272.24 0.117000    0.000    0.000    0.000  302.785 2.298 2009
Element:     938  0.200    2.5    0.00 0.000500  1565M0 -5000.0  5000.0 -3261.27 0.117000    0.000    0.000    0.000  304.937 2.314 2010
Element:     939  0.200    2.5    0.00 0.000500  1581M0 -5000.0  5000.0 -3271.45 0.117000    0.000    0.000    0.000  307.094 2.330 2011
Element:     940  0.200    2.5    0.00 0.000500  1566M0 -5000.0  5000.0 -3264.99 0.117000    0.000    0.000    0.000  309.255 2.345 2012
Element:     941  0.200    2.5    0.00 0.000500  1582M0 -5000.0  5000.0 -3265.93 0.117000    0.000    0.000    0.000  311.421 2.362 2013
Element:     942  0.200    2.5    0.00 0.000500  1567M0 -5000.0  5000.0 -3264.64 0.117000    0.000    0.000    0.000  313.591 2.378 2014
Element:     943  0.200    2.5    0.00 0.000500  1583M0 -5000.0  5000.0 -3271.75 0.117000    0.000    0.000    0.000  315.762 2.394 2015
Element:     944  0.200    2.5    0.00 0.000500  1568M0 -5000.0  5000.0 -3271.23 0.117000    0.000    0.000    0.000  317.984 2.354 2016
Element:     945  0.200    2.5    0.00 0.000500  1584M0 -5000.0  5000.0 -3266.86 0.117000    0.000    0.000    0.000  320.156 2.314 2017
Element:     946  0.200    2.5    0.00 0.000500  1569M0 -5000.0  5000.0 -3272.73 0.117000    0.000    0.000    0.000  322.359 2.330 2018
Element:     947  0.200    2.5    0.00 0.000500  1585M0 -5000.0  5000.0 -3259.44 0.117000    0.000    0.000    0.000  324.567 2.345 2019
Element:     948  0.200    2.5    0.00 0.000500  1570M0 -5000.0  5000.0 -3270.86 0.117000    0.000    0.000    0.000  326.780 2.361 2020
Element:     949  0.200    2.5    0.00 0.000500  1586M0 -5000.0  5000.0 -3262.27 0.117000    0.000    0.000    0.000  328.996 2.376 2021
Element:     950  0.200    2.5    0.00 0.000500  1571M0 -5000.0  5000.0 -3272.03 0.117000    0.000    0.000    0.000  331.217 2.392 2022
Element:     951  0.200    2.5    0.00 0.000500  1587M0 -5000.0  5000.0 -3265.39 0.117000    0.000    0.000    0.000  333.441 2.407 2023
Element:     952  0.200    2.5    0.00 0.000500  1572M0 -5000.0  5000.0 -3272.49 0.117000    0.000    0.000    0.000  335.670 2.423 2024
Element:     953  0.200    2.5    0.00 0.000500  1588M0 -5000.0  5000.0 -3254.39 0.117000    0.000    0.000    0.000  337.902 2.439 2025
Element:     954  0.200    2.5    0.00 0.000500  1573M0 -5000.0  5000.0 -3265.06 0.117000    0.000    0.000    0.000  340.139 2.454 2026
Element:     955  0.200    2.5    0.00 0.000500  1589M0 -5000.0  5000.0 -3260.28 0.117000    0.000    0.000    0.000  342.409 2.413 2027
Element:     956  0.200    2.5    0.00 0.000500  1574M0 -5000.0  5000.0 -3262.04 0.117000    0.000    0.000    0.000  344.625 2.369 2028
Element:     957  0.200    2.5    0.00 0.000500  1590M0 -5000.0  5000.0 -3260.33 0.117000    0.000    0.000    0.000  346.873 2.386 2029
Element:     958  0.200    2.5    0.00 0.000500  1575M0 -5000.0  5000.0 -3260.31 0.117000    0.000    0.000    0.000  349.126 2.400 2030
Element:     959  0.200    2.5    0.00 0.000500  1591M0 -5000.0  5000.0 -3257.77 0.117000    0.000    0.000    0.000  351.382 2.416 2031
##														      
## G 160 - 191  Section KL											      
##														      
Element:     960  0.200    2.5    0.00 0.000500  1592M0 -5000.0  5000.0 -3263.62 0.117000    0.000    0.000    0.000  353.643 2.430 2352
Element:     961  0.200    2.5    0.00 0.000500  1608M0 -5000.0  5000.0 -3270.76 0.117000    0.000    0.000    0.000  355.906 2.445 2353
Element:     962  0.200    2.5    0.00 0.000500  1593M0 -5000.0  5000.0 -3265.57 0.117000    0.000    0.000    0.000  358.174 2.462 2354
Element:     963  0.200    2.5    0.00 0.000500  1609M0 -5000.0  5000.0 -3262.87 0.117000    0.000    0.000    0.000  360.445 2.476 2355
Element:     964  0.200    2.5    0.00 0.000500  1594M0 -5000.0  5000.0 -3253.13 0.117000    0.000    0.000    0.000  362.719 2.492 2356
Element:     965  0.200    2.5    0.00 0.000500  1610M0 -5000.0  5000.0 -3252.11 0.117000    0.000    0.000    0.000  364.998 2.507 2357
Element:     966  0.200    2.5    0.00 0.000500  1595M0 -5000.0  5000.0 -3254.39 0.117000    0.000    0.000    0.000  367.310 2.463 2358
Element:     967  0.200    2.5    0.00 0.000500  1611M0 -5000.0  5000.0 -3253.91 0.117000    0.000    0.000    0.000  369.565 2.417 2359
Element:     968  0.200    2.5    0.00 0.000500  1596M0 -5000.0  5000.0 -3267.24 0.117000    0.000    0.000    0.000  371.854 2.432 2360
Element:     969  0.200    2.5    0.00 0.000500  1612M0 -5000.0  5000.0 -3266.36 0.117000    0.000    0.000    0.000  374.147 2.448 2361
Element:     970  0.200    2.5    0.00 0.000500  1597M0 -5000.0  5000.0 -3254.37 0.117000    0.000    0.000    0.000  376.442 2.462 2362
Element:     971  0.200    2.5    0.00 0.000500  1613M0 -5000.0  5000.0 -3258.51 0.117000    0.000    0.000    0.000  378.741 2.477 2363
Element:     972  0.200    2.5    0.00 0.000500  1598M0 -5000.0  5000.0 -3261.98 0.117000    0.000    0.000    0.000  381.043 2.493 2364
Element:     973  0.200    2.5    0.00 0.000500  1614M0 -5000.0  5000.0 -3269.58 0.117000    0.000    0.000    0.000  383.348 2.506 2365
Element:     974  0.200    2.5    0.00 0.000500  1599M0 -5000.0  5000.0 -3259.35 0.117000    0.000    0.000    0.000  385.657 2.523 2366
Element:     975  0.200    2.5    0.00 0.000500  1615M0 -5000.0  5000.0 -3261.70 0.117000    0.000    0.000    0.000  387.969 2.537 2367
Element:     976  0.200    2.5    0.00 0.000500  1600M0 -5000.0  5000.0 -3267.20 0.117000    0.000    0.000    0.000  390.284 2.552 2368
Element:     977  0.200    2.5    0.00 0.000500  1616M0 -5000.0  5000.0 -3264.25 0.117000    0.000    0.000    0.000  392.628 2.514 2369
Element:     978  0.200    2.5    0.00 0.000500  1601M0 -5000.0  5000.0 -3260.07 0.117000    0.000    0.000    0.000  394.922 2.474 2370
Element:     979  0.200    2.5    0.00 0.000500  1617M0 -5000.0  5000.0 -3248.73 0.117000    0.000    0.000    0.000  397.246 2.490 2371
Element:     980  0.200    2.5    0.00 0.000500  1602M0 -5000.0  5000.0 -3263.70 0.117000    0.000    0.000    0.000  399.573 2.504 2372
Element:     981  0.200    2.5    0.00 0.000500  1618M0 -5000.0  5000.0 -3255.80 0.117000    0.000    0.000    0.000  401.902 2.519 2373
Element:     982  0.200    2.5    0.00 0.000500  1603M0 -5000.0  5000.0 -3268.13 0.117000    0.000    0.000    0.000  404.235 2.533 2374
Element:     983  0.200    2.5    0.00 0.000500  1619M0 -5000.0  5000.0 -3257.35 0.117000    0.000    0.000    0.000  406.570 2.548 2375
Element:     984  0.200    2.5    0.00 0.000500  1604M0 -5000.0  5000.0 -3259.81 0.117000    0.000    0.000    0.000  408.908 2.563 2376
Element:     985  0.200    2.5    0.00 0.000500  1620M0 -5000.0  5000.0 -3085.78 0.117000    0.000    0.000    0.000  411.249 2.577 2377
Element:     986  0.200    2.5    0.00 0.000500  1605M0 -5000.0  5000.0 -3249.06 0.117000    0.000    0.000    0.000  413.593 2.592 2378
Element:     987  0.200    2.5    0.00 0.000500  1621M0 -5000.0  5000.0 -3299.98 0.117000    0.000    0.000    0.000  415.939 2.607 2379
Element:     988  0.200    2.5    0.00 0.000500  1606M0 -5000.0  5000.0 -3253.43 0.117000    0.000    0.000    0.000  418.320 2.556 2380
Element:     989  0.200    2.5    0.00 0.000500  1622M0 -5000.0  5000.0 -3241.78 0.117000    0.000    0.000    0.000  420.639 2.505 2381
Element:     990  0.200    2.5    0.00 0.000500  1607M0 -5000.0  5000.0 -3248.82 0.117000    0.000    0.000    0.000  422.993 2.520 2382
Element:     991  0.200    2.5    0.00 0.000500  1623M0 -5000.0  5000.0 -3240.40 0.117000    0.000    0.000    0.000  425.349 2.535 2383
##														      
## G 192 - 223  Section MN											      
##														      
Element:     992  0.200    2.5    0.00 0.000500  1624M0 -5000.0  5000.0 -3243.17 0.117000    0.000    0.000    0.000  427.707 2.549 2640
Element:     993  0.200    2.5    0.00 0.000500  1640M0 -5000.0  5000.0 -3275.13 0.117000    0.000    0.000    0.000  430.069 2.563 2641
Element:     994  0.200    2.5    0.00 0.000500  1625M0 -5000.0  5000.0 -3276.96 0.117000    0.000    0.000    0.000  432.432 2.578 2642
Element:     995  0.200    2.5    0.00 0.000500  1641M0 -5000.0  5000.0 -3282.08 0.117000    0.000    0.000    0.000  434.798 2.592 2643
Element:     996  0.200    2.5    0.00 0.000500  1626M0 -5000.0  5000.0 -3286.00 0.117000    0.000    0.000    0.000  437.166 2.607 2644
Element:     997  0.200    2.5    0.00 0.000500  1642M0 -5000.0  5000.0 -3285.47 0.117000    0.000    0.000    0.000  439.537 2.621 2645
Element:     998  0.200    2.5    0.00 0.000500  1627M0 -5000.0  5000.0 -3272.88 0.117000    0.000    0.000    0.000  441.910 2.636 2646
Element:     999  0.200    2.5    0.00 0.000500  1643M0 -5000.0  5000.0 -3273.30 0.117000    0.000    0.000    0.000  444.284 2.650 2647
Element:    1000  0.200    2.5    0.00 0.000500  1628M0 -5000.0  5000.0 -3276.36 0.117000    0.000    0.000    0.000  446.690 2.606 2648
Element:    1001  0.200    2.5    0.00 0.000500  1644M0 -5000.0  5000.0 -3274.50 0.117000    0.000    0.000    0.000  449.039 2.562 2649
Element:    1002  0.200    2.5    0.00 0.000500  1629M0 -5000.0  5000.0 -3271.31 0.117000    0.000    0.000    0.000  451.420 2.576 2650
Element:    1003  0.200    2.5    0.00 0.000500  1645M0 -5000.0  5000.0 -3282.84 0.117000    0.000    0.000    0.000  453.803 2.590 2651
Element:    1004  0.200    2.5    0.00 0.000500  1630M0 -5000.0  5000.0 -3270.96 0.117000    0.000    0.000    0.000  456.188 2.604 2652
Element:    1005  0.200    2.5    0.00 0.000500  1646M0 -5000.0  5000.0 -3276.73 0.117000    0.000    0.000    0.000  458.574 2.618 2653
Element:    1006  0.200    2.5    0.00 0.000500  1631M0 -5000.0  5000.0 -3272.00 0.117000    0.000    0.000    0.000  460.963 2.632 2654
Element:    1007  0.200    2.5    0.00 0.000500  1647M0 -5000.0  5000.0 -3274.75 0.117000    0.000    0.000    0.000  463.353 2.646 2655
Element:    1008  0.200    2.5    0.00 0.000500  1632M0 -5000.0  5000.0 -3268.49 0.117000    0.000    0.000    0.000  465.746 2.660 2656
Element:    1009  0.200    2.5    0.00 0.000500  1648M0 -5000.0  5000.0 -3258.43 0.117000    0.000    0.000    0.000  468.139 2.674 2657
Element:    1010  0.200    2.5    0.00 0.000500  1633M0 -5000.0  5000.0 -3265.47 0.117000    0.000    0.000    0.000  470.535 2.689 2658
Element:    1011  0.200    2.5    0.00 0.000500  1649M0 -5000.0  5000.0 -3250.50 0.117000    0.000    0.000    0.000  472.932 2.703 2659
Element:    1012  0.200    2.5    0.00 0.000500  1634M0 -5000.0  5000.0 -3265.35 0.117000    0.000    0.000    0.000  475.367 2.646 2660
Element:    1013  0.200    2.5    0.00 0.000500  1650M0 -5000.0  5000.0 -3260.71 0.117000    0.000    0.000    0.000  477.731 2.588 2661
Element:    1014  0.200    2.5    0.00 0.000500  1635M0 -5000.0  5000.0 -3262.25 0.117000    0.000    0.000    0.000  480.134 2.603 2662
Element:    1015  0.200    2.5    0.00 0.000500  1651M0 -5000.0  5000.0 -3259.41 0.117000    0.000    0.000    0.000  482.537 2.616 2663
Element:    1016  0.200    2.5    0.00 0.000500  1636M0 -5000.0  5000.0 -3272.70 0.117000    0.000    0.000    0.000  484.942 2.630 2664
Element:    1017  0.200    2.5    0.00 0.000500  1652M0 -5000.0  5000.0 -3265.84 0.117000    0.000    0.000    0.000  487.348 2.643 2665
Element:    1018  0.200    2.5    0.00 0.000500  1637M0 -5000.0  5000.0 -3267.53 0.117000    0.000    0.000    0.000  489.756 2.657 2666
Element:    1019  0.200    2.5    0.00 0.000500  1653M0 -5000.0  5000.0 -3259.62 0.117000    0.000    0.000    0.000  492.165 2.670 2667
Element:    1020  0.200    2.5    0.00 0.000500  1638M0 -5000.0  5000.0 -3258.33 0.117000    0.000    0.000    0.000  494.576 2.684 2668
Element:    1021  0.200    2.5    0.00 0.000500  1654M0 -5000.0  5000.0 -3263.21 0.117000    0.000    0.000    0.000  496.988 2.698 2669
Element:    1022  0.200    2.5    0.00 0.000500  1639M0 -5000.0  5000.0 -3258.08 0.117000    0.000    0.000    0.000  499.401 2.711 2670
Element:    1023  0.200    2.5    0.00 0.000500  1655M0 -5000.0  5000.0 -3250.54 0.117000    0.000    0.000    0.000  501.815 2.725 2671
##														      
## G 224 - 255  Section OP											      
##														      
Element:    1024  0.200    2.5    0.00 0.000500  1656M0 -5000.0  5000.0 -3259.25 0.117000    0.000    0.000    0.000  504.267 2.666 2032
Element:    1025  0.200    2.5    0.00 0.000500  1672M0 -5000.0  5000.0 -3256.51 0.117000    0.000    0.000    0.000  506.647 2.605 2033
Element:    1026  0.200    2.5    0.00 0.000500  1657M0 -5000.0  5000.0 -3262.75 0.117000    0.000    0.000    0.000  509.064 2.618 2034
Element:    1027  0.200    2.5    0.00 0.000500  1673M0 -5000.0  5000.0 -3269.77 0.117000    0.000    0.000    0.000  511.483 2.632 2035
Element:    1028  0.200    2.5    0.00 0.000500  1658M0 -5000.0  5000.0 -3274.38 0.117000    0.000    0.000    0.000  513.903 2.645 2036
Element:    1029  0.200    2.5    0.00 0.000500  1674M0 -5000.0  5000.0 -3266.48 0.117000    0.000    0.000    0.000  516.323 2.658 2037
Element:    1030  0.200    2.5    0.00 0.000500  1659M0 -5000.0  5000.0 -3262.56 0.117000    0.000    0.000    0.000  518.745 2.672 2038
Element:    1031  0.200    2.5    0.00 0.000500  1675M0 -5000.0  5000.0 -3269.38 0.117000    0.000    0.000    0.000  521.167 2.684 2039
Element:    1032  0.200    2.5    0.00 0.000500  1660M0 -5000.0  5000.0 -3272.22 0.117000    0.000    0.000    0.000  523.591 2.698 2040
Element:    1033  0.200    2.5    0.00 0.000500  1676M0 -5000.0  5000.0 -3275.65 0.117000    0.000    0.000    0.000  526.015 2.712 2041
Element:    1034  0.200    2.5    0.00 0.000500  1661M0 -5000.0  5000.0 -3250.06 0.117000    0.000    0.000    0.000  528.440 2.724 2042
Element:    1035  0.200    2.5    0.00 0.000500  1677M0 -5000.0  5000.0 -3270.62 0.117000    0.000    0.000    0.000  530.866 2.738 2043
Element:    1036  0.200    2.5    0.00 0.000500  1662M0 -5000.0  5000.0 -3261.55 0.117000    0.000    0.000    0.000  533.325 2.686 2044
Element:    1037  0.200    2.5    0.00 0.000500  1678M0 -5000.0  5000.0 -3265.46 0.117000    0.000    0.000    0.000  535.719 2.634 2045
Element:    1038  0.200    2.5    0.00 0.000500  1663M0 -5000.0  5000.0 -3252.39 0.117000    0.000    0.000    0.000  538.147 2.646 2046
Element:    1039  0.200    2.5    0.00 0.000500  1679M0 -5000.0  5000.0 -3267.77 0.117000    0.000    0.000    0.000  540.576 2.659 2047
Element:    1040  0.200    2.5    0.00 0.000500  1664M0 -5000.0  5000.0 -3265.54 0.117000    0.000    0.000    0.000  543.005 2.672 2048
Element:    1041  0.200    2.5    0.00 0.000500  1680M0 -5000.0  5000.0 -3257.80 0.117000    0.000    0.000    0.000  545.434 2.684 2049
Element:    1042  0.200    2.5    0.00 0.000500  1665M0 -5000.0  5000.0 -3251.77 0.117000    0.000    0.000    0.000  547.865 2.697 2050
Element:    1043  0.200    2.5    0.00 0.000500  1681M0 -5000.0  5000.0 -3253.23 0.117000    0.000    0.000    0.000  550.296 2.710 2051
Element:    1044  0.200    2.5    0.00 0.000500  1666M0 -5000.0  5000.0 -3265.30 0.117000    0.000    0.000    0.000  552.726 2.723 2052
Element:    1045  0.200    2.5    0.00 0.000500  1682M0 -5000.0  5000.0 -3250.97 0.117000    0.000    0.000    0.000  555.158 2.735 2053
Element:    1046  0.200    2.5    0.00 0.000500  1667M0 -5000.0  5000.0 -3251.68 0.117000    0.000    0.000    0.000  557.628 2.748 2054
Element:    1047  0.200    2.5    0.00 0.000500  1683M0 -5000.0  5000.0 -3250.92 0.117000    0.000    0.000    0.000  560.089 2.761 2055
Element:    1048  0.200    2.5    0.00 0.000500  1668M0 -5000.0  5000.0 -3262.35 0.117000    0.000    0.000    0.000  562.584 2.707 2056
Element:    1049  0.200    2.5    0.00 0.000500  1684M0 -5000.0  5000.0 -3256.37 0.117000    0.000    0.000    0.000  565.012 2.652 2057
Element:    1050  0.200    2.5    0.00 0.000500  1669M0 -5000.0  5000.0 -3267.90 0.117000    0.000    0.000    0.000  567.473 2.664 2058
Element:    1051  0.200    2.5    0.00 0.000500  1685M0 -5000.0  5000.0 -3251.01 0.117000    0.000    0.000    0.000  569.935 2.677 2059
Element:    1052  0.200    2.5    0.00 0.000500  1670M0 -5000.0  5000.0 -3255.66 0.117000    0.000    0.000    0.000  572.397 2.689 2060
Element:    1053  0.200    2.5    0.00 0.000500  1686M0 -5000.0  5000.0 -3254.83 0.117000    0.000    0.000    0.000  574.858 2.701 2061
Element:    1054  0.200    2.5    0.00 0.000500  1671M0 -5000.0  5000.0 -3249.30 0.117000    0.000    0.000    0.000  577.321 2.714 2062
Element:    1055  0.200    2.5    0.00 0.000500  1687M0 -5000.0  5000.0 -3238.40 0.117000    0.000    0.000    0.000  579.784 2.726 2063
##														      
## G 256 - 287  Section QR											      
##														      
Element:    1056  0.200    2.5    0.00 0.000500  1688M0 -5000.0  5000.0 -3239.58 0.117000    0.000    0.000    0.000  582.246 2.738 2320
Element:    1057  0.200    2.5    0.00 0.000500  1704M0 -5000.0  5000.0 -3245.64 0.117000    0.000    0.000    0.000  584.708 2.751 2321
Element:    1058  0.200    2.5    0.00 0.000500  1689M0 -5000.0  5000.0 -3244.19 0.117000    0.000    0.000    0.000  587.170 2.763 2322
Element:    1059  0.200    2.5    0.00 0.000500  1705M0 -5000.0  5000.0 -3245.73 0.117000    0.000    0.000    0.000  589.633 2.775 2323
Element:    1060  0.200    2.5    0.00 0.000500  1690M0 -5000.0  5000.0 -3246.41 0.117000    0.000    0.000    0.000  592.130 2.719 2324
Element:    1061  0.200    2.5    0.00 0.000500  1706M0 -5000.0  5000.0 -3247.92 0.117000    0.000    0.000    0.000  594.558 2.661 2325
Element:    1062  0.200    2.5    0.00 0.000500  1691M0 -5000.0  5000.0 -3242.19 0.117000    0.000    0.000    0.000  597.020 2.673 2326
Element:    1063  0.200    2.5    0.00 0.000500  1707M0 -5000.0  5000.0 -3242.75 0.117000    0.000    0.000    0.000  599.482 2.686 2327
Element:    1064  0.200    2.5    0.00 0.000500  1692M0 -5000.0  5000.0 -3246.60 0.117000    0.000    0.000    0.000  601.944 2.697 2328
Element:    1065  0.200    2.5    0.00 0.000500  1708M0 -5000.0  5000.0 -3252.03 0.117000    0.000    0.000    0.000  604.406 2.710 2329
Element:    1066  0.200    2.5    0.00 0.000500  1693M0 -5000.0  5000.0 -3248.33 0.117000    0.000    0.000    0.000  606.867 2.721 2330
Element:    1067  0.200    2.5    0.00 0.000500  1709M0 -5000.0  5000.0 -3245.28 0.117000    0.000    0.000    0.000  609.328 2.732 2331
Element:    1068  0.200    2.5    0.00 0.000500  1694M0 -5000.0  5000.0 -3240.60 0.117000    0.000    0.000    0.000  611.789 2.745 2332
Element:    1069  0.200    2.5    0.00 0.000500  1710M0 -5000.0  5000.0 -3253.37 0.117000    0.000    0.000    0.000  614.250 2.756 2333
Element:    1070  0.200    2.5    0.00 0.000500  1695M0 -5000.0  5000.0 -3251.51 0.117000    0.000    0.000    0.000  616.710 2.768 2334
Element:    1071  0.200    2.5    0.00 0.000500  1711M0 -5000.0  5000.0 -3254.01 0.117000    0.000    0.000    0.000  619.170 2.780 2335
Element:    1072  0.200    2.5    0.00 0.000500  1696M0 -5000.0  5000.0 -3253.82 0.117000    0.000    0.000    0.000  621.659 2.732 2336
Element:    1073  0.200    2.5    0.00 0.000500  1712M0 -5000.0  5000.0 -3241.73 0.117000    0.000    0.000    0.000  624.089 2.685 2337
Element:    1074  0.200    2.5    0.00 0.000500  1697M0 -5000.0  5000.0 -3236.00 0.117000    0.000    0.000    0.000  626.549 2.697 2338
Element:    1075  0.200    2.5    0.00 0.000500  1713M0 -5000.0  5000.0 -3234.37 0.117000    0.000    0.000    0.000  628.946 2.707 2339
Element:    1076  0.200    2.5    0.00 0.000500  1698M0 -5000.0  5000.0 -3248.01 0.117000    0.000    0.000    0.000  631.342 2.719 2340
Element:    1077  0.200    2.5    0.00 0.000500  1714M0 -5000.0  5000.0 -3247.00 0.117000    0.000    0.000    0.000  633.738 2.731 2341
Element:    1078  0.200    2.5    0.00 0.000500  1699M0 -5000.0  5000.0 -3242.93 0.117000    0.000    0.000    0.000  636.132 2.742 2342
Element:    1079  0.200    2.5    0.00 0.000500  1715M0 -5000.0  5000.0 -3240.51 0.117000    0.000    0.000    0.000  638.528 2.753 2343
Element:    1080  0.200    2.5    0.00 0.000500  1700M0 -5000.0  5000.0 -3244.91 0.117000    0.000    0.000    0.000  640.921 2.765 2344
Element:    1081  0.200    2.5    0.00 0.000500  1716M0 -5000.0  5000.0 -3238.22 0.117000    0.000    0.000    0.000  643.315 2.777 2345
Element:    1082  0.200    2.5    0.00 0.000500  1701M0 -5000.0  5000.0 -3231.90 0.117000    0.000    0.000    0.000  645.708 2.788 2346
Element:    1083  0.200    2.5    0.00 0.000500  1717M0 -5000.0  5000.0 -3227.45 0.117000    0.000    0.000    0.000  648.100 2.799 2347
Element:    1084  0.200    2.5    0.00 0.000500  1702M0 -5000.0  5000.0 -3231.36 0.117000    0.000    0.000    0.000  650.527 2.738 2348
Element:    1085  0.200    2.5    0.00 0.000500  1718M0 -5000.0  5000.0 -3224.87 0.117000    0.000    0.000    0.000  652.882 2.676 2349
Element:    1086  0.200    2.5    0.00 0.000500  1703M0 -5000.0  5000.0 -3230.89 0.117000    0.000    0.000    0.000  655.272 2.688 2350
Element:    1087  0.200    2.5    0.00 0.000500  1719M0 -5000.0  5000.0 -3216.31 0.117000    0.000    0.000    0.000  657.661 2.698 2351
##														      
## G 288 - 319  Section ST											      
##														      
Element:    1088  0.200    2.5    0.00 0.000500  1720M0 -5000.0  5000.0 -3228.09 0.117000    0.000    0.000    0.000  660.049 2.709 2608
Element:    1089  0.200    2.5    0.00 0.000500  1736M0 -5000.0  5000.0 -3238.85 0.117000    0.000    0.000    0.000  662.436 2.720 2609
Element:    1090  0.200    2.5    0.00 0.000500  1721M0 -5000.0  5000.0 -3240.06 0.117000    0.000    0.000    0.000  664.823 2.731 2610
Element:    1091  0.200    2.5    0.00 0.000500  1737M0 -5000.0  5000.0 -3234.98 0.117000    0.000    0.000    0.000  667.209 2.742 2611
Element:    1092  0.200    2.5    0.00 0.000500  1722M0 -5000.0  5000.0 -3237.86 0.117000    0.000    0.000    0.000  669.594 2.752 2612
Element:    1093  0.200    2.5    0.00 0.000500  1738M0 -5000.0  5000.0 -3247.57 0.117000    0.000    0.000    0.000  671.977 2.763 2613
Element:    1094  0.200    2.5    0.00 0.000500  1723M0 -5000.0  5000.0 -3249.69 0.117000    0.000    0.000    0.000  674.360 2.775 2614
Element:    1095  0.200    2.5    0.00 0.000500  1739M0 -5000.0  5000.0 -3251.08 0.117000    0.000    0.000    0.000  676.742 2.786 2615
Element:    1096  0.200    2.5    0.00 0.000500  1724M0 -5000.0  5000.0 -3234.53 0.117000    0.000    0.000    0.000  679.154 2.735 2616
Element:    1097  0.200    2.5    0.00 0.000500  1740M0 -5000.0  5000.0 -3235.08 0.117000    0.000    0.000    0.000  681.503 2.682 2617
Element:    1098  0.200    2.5    0.00 0.000500  1725M0 -5000.0  5000.0 -3235.75 0.117000    0.000    0.000    0.000  683.882 2.694 2618
Element:    1099  0.200    2.5    0.00 0.000500  1741M0 -5000.0  5000.0 -3244.05 0.117000    0.000    0.000    0.000  686.260 2.703 2619
Element:    1100  0.200    2.5    0.00 0.000500  1726M0 -5000.0  5000.0 -3238.56 0.117000    0.000    0.000    0.000  688.637 2.714 2620
Element:    1101  0.200    2.5    0.00 0.000500  1742M0 -5000.0  5000.0 -3243.56 0.117000    0.000    0.000    0.000  691.012 2.725 2621
Element:    1102  0.200    2.5    0.00 0.000500  1727M0 -5000.0  5000.0 -3233.60 0.117000    0.000    0.000    0.000  693.386 2.735 2622
Element:    1103  0.200    2.5    0.00 0.000500  1743M0 -5000.0  5000.0 -3236.45 0.117000    0.000    0.000    0.000  695.760 2.746 2623
Element:    1104  0.200    2.5    0.00 0.000500  1728M0 -5000.0  5000.0 -3233.36 0.117000    0.000    0.000    0.000  698.132 2.755 2624
Element:    1105  0.200    2.5    0.00 0.000500  1744M0 -5000.0  5000.0 -3233.84 0.117000    0.000    0.000    0.000  700.503 2.766 2625
Element:    1106  0.200    2.5    0.00 0.000500  1729M0 -5000.0  5000.0 -3240.45 0.117000    0.000    0.000    0.000  702.873 2.777 2626
Element:    1107  0.200    2.5    0.00 0.000500  1745M0 -5000.0  5000.0 -3232.57 0.117000    0.000    0.000    0.000  705.241 2.788 2627
Element:    1108  0.200    2.5    0.00 0.000500  1730M0 -5000.0  5000.0 -3247.48 0.117000    0.000    0.000    0.000  707.640 2.734 2628
Element:    1109  0.200    2.5    0.00 0.000500  1746M0 -5000.0  5000.0 -3238.53 0.117000    0.000    0.000    0.000  709.975 2.680 2629
Element:    1110  0.200    2.5    0.00 0.000500  1731M0 -5000.0  5000.0 -3243.05 0.117000    0.000    0.000    0.000  712.339 2.691 2630
Element:    1111  0.200    2.5    0.00 0.000500  1747M0 -5000.0  5000.0 -3239.70 0.117000    0.000    0.000    0.000  714.702 2.701 2631
Element:    1112  0.200    2.5    0.00 0.000500  1732M0 -5000.0  5000.0 -3243.39 0.117000    0.000    0.000    0.000  717.064 2.712 2632
Element:    1113  0.200    2.5    0.00 0.000500  1748M0 -5000.0  5000.0 -3236.06 0.117000    0.000    0.000    0.000  719.425 2.721 2633
Element:    1114  0.200    2.5    0.00 0.000500  1733M0 -5000.0  5000.0 -3238.46 0.117000    0.000    0.000    0.000  721.784 2.731 2634
Element:    1115  0.200    2.5    0.00 0.000500  1749M0 -5000.0  5000.0 -3235.83 0.117000    0.000    0.000    0.000  724.142 2.742 2635
Element:    1116  0.200    2.5    0.00 0.000500  1734M0 -5000.0  5000.0 -3231.81 0.117000    0.000    0.000    0.000  726.499 2.752 2636
Element:    1117  0.200    2.5    0.00 0.000500  1750M0 -5000.0  5000.0 -3231.35 0.117000    0.000    0.000    0.000  728.854 2.761 2637
Element:    1118  0.200    2.5    0.00 0.000500  1735M0 -5000.0  5000.0 -3234.62 0.117000    0.000    0.000    0.000  731.208 2.772 2638
Element:    1119  0.200    2.5    0.00 0.000500  1751M0 -5000.0  5000.0 -3227.86 0.117000    0.000    0.000    0.000  733.560 2.781 2639
##														      
## G 320 - 351  Section UV											      
##														      
Element:    1120  0.200    2.5    0.00 0.000500  1752M0 -5000.0  5000.0 -3236.29 0.117000    0.000    0.000    0.000  735.910 2.792 2896
Element:    1121  0.200    2.5    0.00 0.000500  1768M0 -5000.0  5000.0 -3244.80 0.117000    0.000    0.000    0.000  738.292 2.736 2897
Element:    1122  0.200    2.5    0.00 0.000500  1753M0 -5000.0  5000.0 -3239.04 0.117000    0.000    0.000    0.000  740.606 2.681 2898
Element:    1123  0.200    2.5    0.00 0.000500  1769M0 -5000.0  5000.0 -3233.10 0.117000    0.000    0.000    0.000  742.953 2.691 2899
Element:    1124  0.200    2.5    0.00 0.000500  1754M0 -5000.0  5000.0 -3239.55 0.117000    0.000    0.000    0.000  745.298 2.700 2900
Element:    1125  0.200    2.5    0.00 0.000500  1770M0 -5000.0  5000.0 -3239.31 0.117000    0.000    0.000    0.000  747.641 2.709 2901
Element:    1126  0.200    2.5    0.00 0.000500  1755M0 -5000.0  5000.0 -3241.38 0.117000    0.000    0.000    0.000  749.982 2.719 2902
Element:    1127  0.200    2.5    0.00 0.000500  1771M0 -5000.0  5000.0 -3237.19 0.117000    0.000    0.000    0.000  752.322 2.729 2903
Element:    1128  0.200    2.5    0.00 0.000500  1756M0 -5000.0  5000.0 -3239.71 0.117000    0.000    0.000    0.000  754.660 2.739 2904
Element:    1129  0.200    2.5    0.00 0.000500  1772M0 -5000.0  5000.0 -3243.64 0.117000    0.000    0.000    0.000  756.997 2.748 2905
Element:    1130  0.200    2.5    0.00 0.000500  1757M0 -5000.0  5000.0 -3229.77 0.117000    0.000    0.000    0.000  759.332 2.758 2906
Element:    1131  0.200    2.5    0.00 0.000500  1773M0 -5000.0  5000.0 -3234.31 0.117000    0.000    0.000    0.000  761.665 2.767 2907
Element:    1132  0.200    2.5    0.00 0.000500  1758M0 -5000.0  5000.0 -3229.83 0.117000    0.000    0.000    0.000  763.996 2.776 2908
Element:    1133  0.200    2.5    0.00 0.000500  1774M0 -5000.0  5000.0 -3239.62 0.117000    0.000    0.000    0.000  766.327 2.786 2909
Element:    1134  0.200    2.5    0.00 0.000500  1759M0 -5000.0  5000.0 -3228.18 0.117000    0.000    0.000    0.000  768.688 2.729 2910
Element:    1135  0.200    2.5    0.00 0.000500  1775M0 -5000.0  5000.0 -3240.42 0.117000    0.000    0.000    0.000  770.981 2.672 2911
Element:    1136  0.200    2.5    0.00 0.000500  1760M0 -5000.0  5000.0 -3232.53 0.117000    0.000    0.000    0.000  773.306 2.682 2912
Element:    1137  0.200    2.5    0.00 0.000500  1776M0 -5000.0  5000.0 -3231.31 0.117000    0.000    0.000    0.000  775.629 2.691 2913
Element:    1138  0.200    2.5    0.00 0.000500  1761M0 -5000.0  5000.0 -3239.02 0.117000    0.000    0.000    0.000  777.951 2.700 2914
Element:    1139  0.200    2.5    0.00 0.000500  1777M0 -5000.0  5000.0 -3221.55 0.117000    0.000    0.000    0.000  780.270 2.709 2915
Element:    1140  0.200    2.5    0.00 0.000500  1762M0 -5000.0  5000.0 -3239.56 0.117000    0.000    0.000    0.000  782.587 2.718 2916
Element:    1141  0.200    2.5    0.00 0.000500  1778M0 -5000.0  5000.0 -3236.08 0.117000    0.000    0.000    0.000  784.903 2.727 2917
Element:    1142  0.200    2.5    0.00 0.000500  1763M0 -5000.0  5000.0 -3237.05 0.117000    0.000    0.000    0.000  787.218 2.735 2918
Element:    1143  0.200    2.5    0.00 0.000500  1779M0 -5000.0  5000.0 -3242.84 0.117000    0.000    0.000    0.000  789.530 2.745 2919
Element:    1144  0.200    2.5    0.00 0.000500  1764M0 -5000.0  5000.0 -3242.65 0.117000    0.000    0.000    0.000  791.840 2.754 2920
Element:    1145  0.200    2.5    0.00 0.000500  1780M0 -5000.0  5000.0 -3226.98 0.117000    0.000    0.000    0.000  794.148 2.763 2921
Element:    1146  0.200    2.5    0.00 0.000500  1765M0 -5000.0  5000.0 -3232.14 0.117000    0.000    0.000    0.000  796.455 2.772 2922
Element:    1147  0.200    2.5    0.00 0.000500  1781M0 -5000.0  5000.0 -3226.32 0.117000    0.000    0.000    0.000  798.793 2.713 2923
Element:    1148  0.200    2.5    0.00 0.000500  1766M0 -5000.0  5000.0 -3223.19 0.117000    0.000    0.000    0.000  801.063 2.654 2924
Element:    1149  0.200    2.5    0.00 0.000500  1782M0 -5000.0  5000.0 -3219.54 0.117000    0.000    0.000    0.000  803.364 2.663 2925
Element:    1150  0.200    2.5    0.00 0.000500  1767M0 -5000.0  5000.0 -3216.21 0.117000    0.000    0.000    0.000  805.663 2.672 2926
Element:    1151  0.200    2.5    0.00 0.000500  1783M0 -5000.0  5000.0 -3219.22 0.117000    0.000    0.000    0.000  807.960 2.680 2927
Initialise: 
Display: 1D Nhits       32 0 32
Display: 1D NhitsPrompt 32 0 32
Display: 1D NhitsRand   32 0 32
Display: 1D Hits        352 0 352
Display: 1D HitsPrompt  352 0 352
Display: 1D HitsRand    352 0 352
#Display: 1D EnergyOR    200 0 2.5
Display: 1D TimeOR     1000 -1000.0 1000.0
#Display: 1D Energy 100 0 2.5   0 352
#Display: 1D Time  1000 -1000.0 1000.0   0 352
#Display: 1D Eelect   352 v2u_plot/v2u_450_plot.ehist
Display: 1D ScalerCurr 352 0 352
Display: 1D ScalerAcc  352 0 352
Display: 1D Doubles  	352 0 352
Display: 1D NDoubles  	32 0 32
#Display: 2D EnergyOR 100 0 2.5 -1 Hits 352 0 352 -1
#Display: 2D EnergyOR 100 0 2.5 -1 Doubles 352 0 352 -1
Display: 2D TimeOR   200 -1000.0 1000.0 -1 Hits 352 0 352 -1
Display: 2D TimeOR   200 -1000.0 1000.0 -1 Doubles 352 0 352 -1
